Timestamp;Position.x;Position.y;Position.z;Rotation.x;Rotation.y;Rotation.z;Rotation.w
12:04:21.372674;0;0;0;0;0;0;1
12:04:21.372674;0;0;0;0;0;0;1
12:04:21.373674;0;0;0;0;0;0;1
12:04:21.373674;0;0;0;0;0;0;1
12:04:21.373674;0;0;0;0;0;0;1
12:04:21.374674;0;0;0;0;0;0;1
12:04:21.374674;0;0;0;0;0;0;1
12:04:21.374674;0;0;0;0;0;0;1
12:04:21.375674;0;0;0;0;0;0;1
12:04:21.375674;0;0;0;0;0;0;1
12:04:21.375674;0;0;0;0;0;0;1
12:04:21.376674;0;0;0;0;0;0;1
12:04:21.376674;0;0;0;0;0;0;1
12:04:21.376674;0;0;0;0;0;0;1
12:04:21.377674;0;0;0;0;0;0;1
12:04:21.377674;0;0;0;0;0;0;1
12:04:21.377674;0;0;0;0;0;0;1
12:04:21.378675;0;0;0;0;0;0;1
12:04:21.378675;0;0;0;0;0;0;1
12:04:21.378675;0;0;0;0;0;0;1
12:04:21.379675;0;0;0;0;0;0;1
12:04:21.379675;0;0;0;0;0;0;1
12:04:21.379675;0;0;0;0;0;0;1
12:04:21.380675;0;0;0;0;0;0;1
12:04:21.380675;0;0;0;0;0;0;1
12:04:21.380675;0;0;0;0;0;0;1
12:04:21.381674;0;0;0;0;0;0;1
12:04:21.381674;0;0;0;0;0;0;1
12:04:21.381674;0;0;0;0;0;0;1
12:04:21.381674;0;0;0;0;0;0;1
12:04:21.382699;0;0;0;0;0;0;1
12:04:21.382699;0;0;0;0;0;0;1
12:04:21.383674;0;0;0;0;0;0;1
12:04:21.383674;0;0;0;0;0;0;1
12:04:21.383674;0;0;0;0;0;0;1
12:04:21.383674;0;0;0;0;0;0;1
12:04:21.384674;0;0;0;0;0;0;1
12:04:21.384674;0;0;0;0;0;0;1
12:04:21.384674;0;0;0;0;0;0;1
12:04:21.385674;0;0;0;0;0;0;1
12:04:21.428675;0;0;0;0;0;0;1
12:04:21.429674;0;0;0;0;0;0;1
12:04:21.429674;0;0;0;0;0;0;1
12:04:21.429674;0;0;0;0;0;0;1
12:04:21.442674;0;0;0;0;0;0;1
12:04:21.442674;0;0;0;0;0;0;1
12:04:21.442674;0;0;0;0;0;0;1
12:04:21.455674;0;0;0;0;0;0;1
12:04:21.455674;0;0;0;0;0;0;1
12:04:21.456675;0;0;0;0;0;0;1
12:04:21.471674;0;0;0;0;0;0;1
12:04:21.471674;0;0;0;0;0;0;1
12:04:21.471674;0;0;0;0;0;0;1
12:04:21.483676;0;0;0;0;0;0;1
12:04:21.483676;0;0;0;0;0;0;1
12:04:21.498674;0;0;0;0;0;0;1
12:04:21.499676;0;0;0;0;0;0;1
12:04:21.499676;0;0;0;0;0;0;1
12:04:21.512675;0;0;0;0;0;0;1
12:04:21.512675;0;0;0;0;0;0;1
12:04:21.512675;0;0;0;0;0;0;1
12:04:21.524694;0;0;0;0;0;0;1
12:04:21.525674;0;0;0;0;0;0;1
12:04:21.525674;0;0;0;0;0;0;1
12:04:21.539675;0;0;0;0;0;0;1
12:04:21.540675;0;0;0;0;0;0;1
12:04:21.540675;0;0;0;0;0;0;1
12:04:21.554675;0;0;0;0;0;0;1
12:04:21.554675;0;0;0;0;0;0;1
12:04:21.568674;0;0;0;0;0;0;1
12:04:21.568674;0;0;0;0;0;0;1
12:04:21.569675;0;0;0;0;0;0;1
12:04:21.580696;0;0;0;0;0;0;1
12:04:21.580696;0;0;0;0;0;0;1
12:04:21.581674;0;0;0;0;0;0;1
12:04:21.595507;0;0;0;0;0;0;1
12:04:21.595507;0;0;0;0;0;0;1
12:04:21.596506;0;0;0;0;0;0;1
12:04:21.610507;0;0;0;0;0;0;1
12:04:21.610507;0;0;0;0;0;0;1
12:04:21.610507;0;0;0;0;0;0;1
12:04:21.622507;0;0;0;0;0;0;1
12:04:21.623508;0;0;0;0;0;0;1
12:04:21.637506;0;0;0;0;0;0;1
12:04:21.637506;0;0;0;0;0;0;1
12:04:21.638517;0;0;0;0;0;0;1
12:04:21.651507;0;0;0;0;0;0;1
12:04:21.652506;0;0;0;0;0;0;1
12:04:21.652506;0;0;0;0;0;0;1
12:04:21.664507;0;0;0;0;0;0;1
12:04:21.664507;0;0;0;0;0;0;1
12:04:21.678507;0;0;0;0;0;0;1
12:04:21.678507;0;0;0;0;0;0;1
12:04:21.679507;0;0;0;0;0;0;1
12:04:21.693509;0;0;0;0;0;0;1
12:04:21.693509;0;0;0;0;0;0;1
12:04:21.693509;0;0;0;0;0;0;1
12:04:21.707506;0;0;0;0;0;0;1
12:04:21.707506;0;0;0;0;0;0;1
12:04:21.707506;0;0;0;0;0;0;1
12:04:21.720508;0;0;0;0;0;0;1
12:04:21.720508;0;0;0;0;0;0;1
12:04:21.720508;0;0;0;0;0;0;1
12:04:21.733507;0;0;0;0;0;0;1
12:04:21.733507;0;0;0;0;0;0;1
12:04:21.748506;0;0;0;0;0;0;1
12:04:21.748506;0;0;0;0;0;0;1
12:04:21.749508;0;0;0;0;0;0;1
12:04:21.761507;0;0;0;0;0;0;1
12:04:21.761507;0;0;0;0;0;0;1
12:04:21.761507;0;0;0;0;0;0;1
12:04:21.775507;0;0;0;0;0;0;1
12:04:21.776527;0;0;0;0;0;0;1
12:04:21.776527;0;0;0;0;0;0;1
12:04:21.790507;0;0;0;0;0;0;1
12:04:21.790507;0;0;0;0;0;0;1
12:04:21.790507;0;0;0;0;0;0;1
12:04:21.805506;0;0;0;0;0;0;1
12:04:21.805506;0;0;0;0;0;0;1
12:04:21.805506;0;0;0;0;0;0;1
12:04:21.817528;0;0;0;0;0;0;1
12:04:21.817528;0;0;0;0;0;0;1
12:04:21.832094;0;0;0;0;0;0;1
12:04:21.832094;0;0;0;0;0;0;1
12:04:21.833085;0;0;0;0;0;0;1
12:04:21.845086;0;0;0;0;0;0;1
12:04:21.846086;0;0;0;0;0;0;1
12:04:21.846086;0;0;0;0;0;0;1
12:04:21.860086;0;0;0;0;0;0;1
12:04:21.860086;0;0;0;0;0;0;1
12:04:21.861086;0;0;0;0;0;0;1
12:04:21.873085;0;0;0;0;0;0;1
12:04:21.873085;0;0;0;0;0;0;1
12:04:21.888086;0;0;0;0;0;0;1
12:04:21.888086;0;0;0;0;0;0;1
12:04:21.888086;0;0;0;0;0;0;1
12:04:21.902085;0;0;0;0;0;0;1
12:04:21.902085;0;0;0;0;0;0;1
12:04:21.903001;0;0;0;0;0;0;1
12:04:21.914998;0;0;0;0;0;0;1
12:04:21.915997;0;0;0;0;0;0;1
12:04:21.915997;0;0;0;0;0;0;1
12:04:21.929564;0;0;0;0;0;0;1
12:04:21.930563;0;0;0;0;0;0;1
12:04:21.944104;0;0;0;0;0;0;1
12:04:21.944104;0;0;0;0;0;0;1
12:04:21.945102;0;0;0;0;0;0;1
12:04:21.956103;0;0;0;0;0;0;1
12:04:21.956103;0;0;0;0;0;0;1
12:04:21.956103;0;0;0;0;0;0;1
12:04:21.970862;0;0;0;0;0;0;1
12:04:21.971861;0;0;0;0;0;0;1
12:04:21.972374;0;0;0;0;0;0;1
12:04:21.983811;0;0;0;0;0;0;1
12:04:21.983811;0;0;0;0;0;0;1
12:04:21.997810;0;0;0;0;0;0;1
12:04:21.997810;0;0;0;0;0;0;1
12:04:21.998811;0;0;0;0;0;0;1
12:04:22.011971;0;0;0;0;0;0;1
12:04:22.013168;0;0;0;0;0;0;1
12:04:22.013168;0;0;0;0;0;0;1
12:04:22.027419;0;0;0;0;0;0;1
12:04:22.027419;0;0;0;0;0;0;1
12:04:22.028420;0;0;0;0;0;0;1
12:04:22.039065;0;0;0;0;0;0;1
12:04:22.040065;0;0;0;0;0;0;1
12:04:22.054066;0;0;0;0;0;0;1
12:04:22.054066;0;0;0;0;0;0;1
12:04:22.054066;0;0;0;0;0;0;1
12:04:22.068066;0;0;0;0;0;0;1
12:04:22.068066;0;0;0;0;0;0;1
12:04:22.069065;0;0;0;0;0;0;1
12:04:22.081066;0;0;0;0;0;0;1
12:04:22.081066;0;0;0;0;0;0;1
12:04:22.082065;0;0;0;0;0;0;1
12:04:22.096067;0;0;0;0;0;0;1
12:04:22.096067;0;0;0;0;0;0;1
12:04:22.096067;0;0;0;0;0;0;1
12:04:22.109953;0;0;0;0;0;0;1
12:04:22.109953;0;0;0;0;0;0;1
12:04:22.110952;0;0;0;0;0;0;1
12:04:22.125413;0;0;0;0;0;0;1
12:04:22.126442;0;0;0;0;0;0;1
12:04:22.126442;0;0;0;0;0;0;1
12:04:22.138481;0;0;0;0;0;0;1
12:04:22.138481;0;0;0;0;0;0;1
12:04:22.152017;0;0;0;0;0;0;1
12:04:22.153017;0;0;0;0;0;0;1
12:04:22.153017;0;0;0;0;0;0;1
12:04:22.165017;0;0;0;0;0;0;1
12:04:22.165017;0;0;0;0;0;0;1
12:04:22.166016;0;0;0;0;0;0;1
12:04:22.178018;0;0;0;0;0;0;1
12:04:22.178018;0;0;0;0;0;0;1
12:04:22.192651;0;0;0;0;0;0;1
12:04:22.192651;0;0;0;0;0;0;1
12:04:22.193652;0;0;0;0;0;0;1
12:04:22.207650;0;0;0;0;0;0;1
12:04:22.207650;0;0;0;0;0;0;1
12:04:22.208651;0;0;0;0;0;0;1
12:04:22.219686;0;0;0;0;0;0;1
12:04:22.220651;0;0;0;0;0;0;1
12:04:22.234650;0;0;0;0;0;0;1
12:04:22.234650;0;0;0;0;0;0;1
12:04:22.235650;0;0;0;0;0;0;1
12:04:22.249651;0;0;0;0;0;0;1
12:04:22.249651;0;0;0;0;0;0;1
12:04:22.250651;0;0;0;0;0;0;1
12:04:22.263163;0;0;0;0;0;0;1
12:04:22.263163;0;0;0;0;0;0;1
12:04:22.264161;0;0;0;0;0;0;1
12:04:22.275183;0;0;0;0;0;0;1
12:04:22.276161;0;0;0;0;0;0;1
12:04:22.276161;0;0;0;0;0;0;1
12:04:22.290183;0;0;0;0;0;0;1
12:04:22.291162;0;0;0;0;0;0;1
12:04:22.291162;0;0;0;0;0;0;1
12:04:22.302745;0;0;0;0;0;0;1
12:04:22.303745;0;0;0;0;0;0;1
12:04:22.318260;0;0;0;0;0;0;1
12:04:22.319275;0;0;0;0;0;0;1
12:04:22.319275;0;0;0;0;0;0;1
12:04:22.331258;0;0;0;0;0;0;1
12:04:22.331258;0;0;0;0;0;0;1
12:04:22.332047;0;0;0;0;0;0;1
12:04:22.346063;0;0;0;0;0;0;1
12:04:22.347041;0;0;0;0;0;0;1
12:04:22.347041;0;0;0;0;0;0;1
12:04:22.358065;0;0;0;0;0;0;1
12:04:22.359041;0;0;0;0;0;0;1
12:04:22.373042;0;0;0;0;0;0;1
12:04:22.373042;0;0;0;0;0;0;1
12:04:22.373042;0;0;0;0;0;0;1
12:04:22.387042;0;0;0;0;0;0;1
12:04:22.388042;0;0;0;0;0;0;1
12:04:22.388042;0;0;0;0;0;0;1
12:04:22.402042;0;0;0;0;0;0;1
12:04:22.402042;0;0;0;0;0;0;1
12:04:22.403042;0;0;0;0;0;0;1
12:04:22.415076;0;0;0;0;0;0;1
12:04:22.415076;0;0;0;0;0;0;1
12:04:22.427076;0;0;0;0;0;0;1
12:04:22.428077;0;0;0;0;0;0;1
12:04:22.428077;0;0;0;0;0;0;1
12:04:22.442075;0;0;0;0;0;0;1
12:04:22.442075;0;0;0;0;0;0;1
12:04:22.443077;0;0;0;0;0;0;1
12:04:22.457077;0;0;0;0;0;0;1
12:04:22.457077;0;0;0;0;0;0;1
12:04:22.457077;0;0;0;0;0;0;1
12:04:22.471096;0;0;0;0;0;0;1
12:04:22.472075;0;0;0;0;0;0;1
12:04:22.472075;0;0;0;0;0;0;1
12:04:22.484076;0;0;0;0;0;0;1
12:04:22.485076;0;0;0;0;0;0;1
12:04:22.499077;0;0;0;0;0;0;1
12:04:22.499077;0;0;0;0;0;0;1
12:04:22.500075;0;0;0;0;0;0;1
12:04:22.511075;0;0;0;0;0;0;1
12:04:22.512078;0;0;0;0;0;0;1
12:04:22.512078;0;0;0;0;0;0;1
12:04:22.526301;0;0;0;0;0;0;1
12:04:22.531324;0;0;0;0;0;0;1
12:04:22.532299;0;0;0;0;0;0;1
12:04:22.536301;0;0;0;0;0;0;1
12:04:22.537300;0;0;0;0;0;0;1
12:04:22.552300;0;0;0;0;0;0;1
12:04:22.553300;0;0;0;0;0;0;1
12:04:22.553300;0;0;0;0;0;0;1
12:04:22.568299;0;0;0;0;0;0;1
12:04:22.568299;0;0;0;0;0;0;1
12:04:22.569298;0;0;0;0;0;0;1
12:04:22.581300;0;0;0;0;0;0;1
12:04:22.581300;0;0;0;0;0;0;1
12:04:22.582299;0;0;0;0;0;0;1
12:04:22.596299;0;0;0;0;0;0;1
12:04:22.596299;0;0;0;0;0;0;1
12:04:22.596299;0;0;0;0;0;0;1
12:04:22.608300;0;0;0;0;0;0;1
12:04:22.608300;0;0;0;0;0;0;1
12:04:22.622809;0;0;0;0;0;0;1
12:04:22.622809;0;0;0;0;0;0;1
12:04:22.622809;0;0;0;0;0;0;1
12:04:22.637369;0;0;0;0;0;0;1
12:04:22.638349;0;0;0;0;0;0;1
12:04:22.638349;0;0;0;0;0;0;1
12:04:22.650349;0;0;0;0;0;0;1
12:04:22.650349;0;0;0;0;0;0;1
12:04:22.650349;0;0;0;0;0;0;1
12:04:22.665349;0;0;0;0;0;0;1
12:04:22.665349;0;0;0;0;0;0;1
12:04:22.677350;0;0;0;0;0;0;1
12:04:22.678348;0;0;0;0;0;0;1
12:04:22.678348;0;0;0;0;0;0;1
12:04:22.693348;0;0;0;0;0;0;1
12:04:22.693348;0;0;0;0;0;0;1
12:04:22.693348;0;0;0;0;0;0;1
12:04:22.705348;0;0;0;0;0;0;1
12:04:22.706349;0;0;0;0;0;0;1
12:04:22.706349;0;0;0;0;0;0;1
12:04:22.720349;0;0;0;0;0;0;1
12:04:22.720349;0;0;0;0;0;0;1
12:04:22.721350;0;0;0;0;0;0;1
12:04:22.735350;0;0;0;0;0;0;1
12:04:22.735350;0;0;0;0;0;0;1
12:04:22.736348;0;0;0;0;0;0;1
12:04:22.747349;0;0;0;0;0;0;1
12:04:22.748374;0;0;0;0;0;0;1
12:04:22.762351;0;0;0;0;0;0;1
12:04:22.762351;0;0;0;0;0;0;1
12:04:22.763349;0;0;0;0;0;0;1
12:04:22.777348;0;0;0;0;0;0;1
12:04:22.777348;0;0;0;0;0;0;1
12:04:22.778349;0;0;0;0;0;0;1
12:04:22.790349;0;0;0;0;0;0;1
12:04:22.790349;0;0;0;0;0;0;1
12:04:22.804348;0;0;0;0;0;0;1
12:04:22.805349;0;0;0;0;0;0;1
12:04:22.805349;0;0;0;0;0;0;1
12:04:22.817340;0;0;0;0;0;0;1
12:04:22.817340;0;0;0;0;0;0;1
12:04:22.817340;0;0;0;0;0;0;1
12:04:22.831347;0;0;0;0;0;0;1
12:04:22.832341;0;0;0;0;0;0;1
12:04:22.832341;0;0;0;0;0;0;1
12:04:22.845340;0;0;0;0;0;0;1
12:04:22.846340;0;0;0;0;0;0;1
12:04:22.846340;0;0;0;0;0;0;1
12:04:22.859340;0;0;0;0;0;0;1
12:04:22.860340;0;0;0;0;0;0;1
12:04:22.872340;0;0;0;0;0;0;1
12:04:22.872340;0;0;0;0;0;0;1
12:04:22.873341;0;0;0;0;0;0;1
12:04:22.890361;0;0;0;0;0;0;1
12:04:22.891340;0;0;0;0;0;0;1
12:04:22.891340;0;0;0;0;0;0;1
12:04:22.892340;0;0;0;0;0;0;1
12:04:22.900343;0;0;0;0;0;0;1
12:04:22.904364;0;0;0;0;0;0;1
12:04:22.914340;0;0;0;0;0;0;1
12:04:22.914340;0;0;0;0;0;0;1
12:04:22.929061;0;0;0;0;0;0;1
12:04:22.930061;0;0;0;0;0;0;1
12:04:22.930061;0;0;0;0;0;0;1
12:04:22.942062;0;0;0;0;0;0;1
12:04:22.943061;0;0;0;0;0;0;1
12:04:22.943061;0;0;0;0;0;0;1
12:04:22.956061;0;0;0;0;0;0;1
12:04:22.956061;0;0;0;0;0;0;1
12:04:22.957083;0;0;0;0;0;0;1
12:04:22.971062;0;0;0;0;0;0;1
12:04:22.971062;0;0;0;0;0;0;1
12:04:22.971062;0;0;0;0;0;0;1
12:04:22.983061;0;0;0;0;0;0;1
12:04:22.984061;0;0;0;0;0;0;1
12:04:22.998063;0;0;0;0;0;0;1
12:04:22.998063;0;0;0;0;0;0;1
12:04:22.998063;0;0;0;0;0;0;1
12:04:23.012651;0;0;0;0;0;0;1
12:04:23.012651;0;0;0;0;0;0;1
12:04:23.012651;0;0;0;0;0;0;1
12:04:23.026677;0;0;0;0;0;0;1
12:04:23.027676;0;0;0;0;0;0;1
12:04:23.027676;0;0;0;0;0;0;1
12:04:23.039281;0;0;0;0;0;0;1
12:04:23.040281;0;0;0;0;0;0;1
12:04:23.053845;0;0;0;0;0;0;1
12:04:23.054844;0;0;0;0;0;0;1
12:04:23.054844;0;0;0;0;0;0;1
12:04:23.068844;0;0;0;0;0;0;1
12:04:23.069845;0;0;0;0;0;0;1
12:04:23.069845;0;0;0;0;0;0;1
12:04:23.081844;0;0;0;0;0;0;1
12:04:23.081844;0;0;0;0;0;0;1
12:04:23.082664;0;0;0;0;0;0;1
12:04:23.096634;0;0;0;0;0;0;1
12:04:23.097634;0;0;0;0;0;0;1
12:04:23.097634;0;0;0;0;0;0;1
12:04:23.108634;0;0;0;0;0;0;1
12:04:23.109635;0;0;0;0;0;0;1
12:04:23.123635;0;0;0;0;0;0;1
12:04:23.124634;0;0;0;0;0;0;1
12:04:23.124634;0;0;0;0;0;0;1
12:04:23.135635;0;0;0;0;0;0;1
12:04:23.136635;0;0;0;0;0;0;1
12:04:23.136635;0;0;0;0;0;0;1
12:04:23.150635;0;0;0;0;0;0;1
12:04:23.151634;0;0;0;0;0;0;1
12:04:23.151634;0;0;0;0;0;0;1
12:04:23.165659;0;0;0;0;0;0;1
12:04:23.166635;0;0;0;0;0;0;1
12:04:23.166635;0;0;0;0;0;0;1
12:04:23.178634;0;0;0;0;0;0;1
12:04:23.179436;0;0;0;0;0;0;1
12:04:23.192725;0;0;0;0;0;0;1
12:04:23.193723;0;0;0;0;0;0;1
12:04:23.193723;0;0;0;0;0;0;1
12:04:23.207724;0;0;0;0;0;0;1
12:04:23.208725;0;0;0;0;0;0;1
12:04:23.208725;0;0;0;0;0;0;1
12:04:23.220724;0;0;0;0;0;0;1
12:04:23.220724;0;0;0;0;0;0;1
12:04:23.221723;0;0;0;0;0;0;1
12:04:23.233724;0;0;0;0;0;0;1
12:04:23.233724;0;0;0;0;0;0;1
12:04:23.247744;0;0;0;0;0;0;1
12:04:23.248725;0;0;0;0;0;0;1
12:04:23.248725;0;0;0;0;0;0;1
12:04:23.262726;0;0;0;0;0;0;1
12:04:23.263723;0;0;0;0;0;0;1
12:04:23.263723;0;0;0;0;0;0;1
12:04:23.275724;0;0;0;0;0;0;1
12:04:23.275724;0;0;0;0;0;0;1
12:04:23.276743;0;0;0;0;0;0;1
12:04:23.290724;0;0;0;0;0;0;1
12:04:23.290724;0;0;0;0;0;0;1
12:04:23.291725;0;0;0;0;0;0;1
12:04:23.302723;0;0;0;0;0;0;1
12:04:23.303724;0;0;0;0;0;0;1
12:04:23.316725;0;0;0;0;0;0;1
12:04:23.317727;0;0;0;0;0;0;1
12:04:23.317727;0;0;0;0;0;0;1
12:04:23.332296;0;0;0;0;0;0;1
12:04:23.332296;0;0;0;0;0;0;1
12:04:23.332296;0;0;0;0;0;0;1
12:04:23.346289;0;0;0;0;0;0;1
12:04:23.347289;0;0;0;0;0;0;1
12:04:23.347289;0;0;0;0;0;0;1
12:04:23.360290;0;0;0;0;0;0;1
12:04:23.360290;0;0;0;0;0;0;1
12:04:23.360290;0;0;0;0;0;0;1
12:04:23.372289;0;0;0;0;0;0;1
12:04:23.372289;0;0;0;0;0;0;1
12:04:23.387290;0;0;0;0;0;0;1
12:04:23.387290;0;0;0;0;0;0;1
12:04:23.387290;0;0;0;0;0;0;1
12:04:23.401289;0;0;0;0;0;0;1
12:04:23.402289;0;0;0;0;0;0;1
12:04:23.402289;0;0;0;0;0;0;1
12:04:23.413291;0;0;0;0;0;0;1
12:04:23.414291;0;0;0;0;0;0;1
12:04:23.428289;0;0;0;0;0;0;1
12:04:23.429290;0;0;0;0;0;0;1
12:04:23.429290;0;0;0;0;0;0;1
12:04:23.442290;0;0;0;0;0;0;1
12:04:23.442290;0;0;0;0;0;0;1
12:04:23.442290;0;0;0;0;0;0;1
12:04:23.457289;0;0;0;0;0;0;1
12:04:23.457289;0;0;0;0;0;0;1
12:04:23.457289;0;0;0;0;0;0;1
12:04:23.469291;0;0;0;0;0;0;1
12:04:23.469291;0;0;0;0;0;0;1
12:04:23.484289;0;0;0;0;0;0;1
12:04:23.484289;0;0;0;0;0;0;1
12:04:23.484289;0;0;0;0;0;0;1
12:04:23.498289;0;0;0;0;0;0;1
12:04:23.499289;0;0;0;0;0;0;1
12:04:23.499289;0;0;0;0;0;0;1
12:04:23.511289;0;0;0;0;0;0;1
12:04:23.511289;0;0;0;0;0;0;1
12:04:23.512289;0;0;0;0;0;0;1
12:04:23.526138;0;0;0;0;0;0;1
12:04:23.527159;0;0;0;0;0;0;1
12:04:23.527159;0;0;0;0;0;0;1
12:04:23.539138;0;0;0;0;0;0;1
12:04:23.539138;0;0;0;0;0;0;1
12:04:23.553138;0;0;0;0;0;0;1
12:04:23.553138;0;0;0;0;0;0;1
12:04:23.554138;0;0;0;0;0;0;1
12:04:23.568139;0;0;0;0;0;0;1
12:04:23.568139;0;0;0;0;0;0;1
12:04:23.568139;0;0;0;0;0;0;1
12:04:23.582163;0;0;0;0;0;0;1
12:04:23.583139;0;0;0;0;0;0;1
12:04:23.583139;0;0;0;0;0;0;1
12:04:23.595139;0;0;0;0;0;0;1
12:04:23.596139;0;0;0;0;0;0;1
12:04:23.596139;0;0;0;0;0;0;1
12:04:23.610138;0;0;0;0;0;0;1
12:04:23.610138;0;0;0;0;0;0;1
12:04:23.622138;0;0;0;0;0;0;1
12:04:23.622138;0;0;0;0;0;0;1
12:04:23.623139;0;0;0;0;0;0;1
12:04:23.637138;0;0;0;0;0;0;1
12:04:23.637138;0;0;0;0;0;0;1
12:04:23.637138;0;0;0;0;0;0;1
12:04:23.651139;0;0;0;0;0;0;1
12:04:23.652158;0;0;0;0;0;0;1
12:04:23.652158;0;0;0;0;0;0;1
12:04:23.667139;0;0;0;0;0;0;1
12:04:23.668139;0;0;0;0;0;0;1
12:04:23.668139;0;0;0;0;0;0;1
12:04:23.679139;0;0;0;0;0;0;1
12:04:23.680138;0;0;0;0;0;0;1
12:04:23.694139;0;0;0;0;0;0;1
12:04:23.694139;0;0;0;0;0;0;1
12:04:23.694139;0;0;0;0;0;0;1
12:04:23.706139;0;0;0;0;0;0;1
12:04:23.707139;0;0;0;0;0;0;1
12:04:23.707139;0;0;0;0;0;0;1
12:04:23.721139;0;0;0;0;0;0;1
12:04:23.721139;0;0;0;0;0;0;1
12:04:23.722138;0;0;0;0;0;0;1
12:04:23.733154;0;0;0;0;0;0;1
12:04:23.734140;0;0;0;0;0;0;1
12:04:23.748138;0;0;0;0;0;0;1
12:04:23.748138;0;0;0;0;0;0;1
12:04:23.749138;0;0;0;0;0;0;1
12:04:23.763139;0;0;0;0;0;0;1
12:04:23.764138;0;0;0;0;0;0;1
12:04:23.764138;0;0;0;0;0;0;1
12:04:23.775166;0;0;0;0;0;0;1
12:04:23.776139;0;0;0;0;0;0;1
12:04:23.776139;0;0;0;0;0;0;1
12:04:23.788139;0;0;0;0;0;0;1
12:04:23.789138;0;0;0;0;0;0;1
12:04:23.803158;0;0;0;0;0;0;1
12:04:23.804139;0;0;0;0;0;0;1
12:04:23.804139;0;0;0;0;0;0;1
12:04:23.817138;0;0;0;0;0;0;1
12:04:23.817138;0;0;0;0;0;0;1
12:04:23.817138;0;0;0;0;0;0;1
12:04:23.832138;0;0;0;0;0;0;1
12:04:23.832138;0;0;0;0;0;0;1
12:04:23.833139;0;0;0;0;0;0;1
12:04:23.844139;0;0;0;0;0;0;1
12:04:23.845137;0;0;0;0;0;0;1
12:04:23.859138;0;0;0;0;0;0;1
12:04:23.859138;0;0;0;0;0;0;1
12:04:23.860138;0;0;0;0;0;0;1
12:04:23.875139;0;0;0;0;0;0;1
12:04:23.875139;0;0;0;0;0;0;1
12:04:23.875139;0;0;0;0;0;0;1
12:04:23.888138;0;0;0;0;0;0;1
12:04:23.888138;0;0;0;0;0;0;1
12:04:23.888138;0;0;0;0;0;0;1
12:04:23.902138;0;0;0;0;0;0;1
12:04:23.903139;0;0;0;0;0;0;1
12:04:23.903139;0;0;0;0;0;0;1
12:04:23.915138;0;0;0;0;0;0;1
12:04:23.915138;0;0;0;0;0;0;1
12:04:23.928138;0;0;0;0;0;0;1
12:04:23.928138;0;0;0;0;0;0;1
12:04:23.928138;0;0;0;0;0;0;1
12:04:23.942139;0;0;0;0;0;0;1
12:04:23.943138;0;0;0;0;0;0;1
12:04:23.943138;0;0;0;0;0;0;1
12:04:23.957138;0;0;0;0;0;0;1
12:04:23.957138;0;0;0;0;0;0;1
12:04:23.957138;0;0;0;0;0;0;1
12:04:23.969169;0;0;0;0;0;0;1
12:04:23.970138;0;0;0;0;0;0;1
12:04:23.985138;0;0;0;0;0;0;1
12:04:23.985138;0;0;0;0;0;0;1
12:04:23.986138;0;0;0;0;0;0;1
12:04:23.997139;0;0;0;0;0;0;1
12:04:23.998139;0;0;0;0;0;0;1
12:04:23.998139;0;0;0;0;0;0;1
12:04:24.012137;0;0;0;0;0;0;1
12:04:24.013139;0;0;0;0;0;0;1
12:04:24.013139;0;0;0;0;0;0;1
12:04:24.027140;0;0;0;0;0;0;1
12:04:24.028159;0;0;0;0;0;0;1
12:04:24.028159;0;0;0;0;0;0;1
12:04:24.040140;0;0;0;0;0;0;1
12:04:24.040140;0;0;0;0;0;0;1
12:04:24.054138;0;0;0;0;0;0;1
12:04:24.055140;0;0;0;0;0;0;1
12:04:24.055140;0;0;0;0;0;0;1
12:04:24.069139;0;0;0;0;0;0;1
12:04:24.069139;0;0;0;0;0;0;1
12:04:24.069139;0;0;0;0;0;0;1
12:04:24.081139;0;0;0;0;0;0;1
12:04:24.082139;0;0;0;0;0;0;1
12:04:24.082139;0;0;0;0;0;0;1
12:04:24.096138;0;0;0;0;0;0;1
12:04:24.097138;0;0;0;0;0;0;1
12:04:24.097138;0;0;0;0;0;0;1
12:04:24.109139;0;0;0;0;0;0;1
12:04:24.109139;0;0;0;0;0;0;1
12:04:24.124140;0;0;0;0;0;0;1
12:04:24.124140;0;0;0;0;0;0;1
12:04:24.124140;0;0;0;0;0;0;1
12:04:24.138163;0;0;0;0;0;0;1
12:04:24.139139;0;0;0;0;0;0;1
12:04:24.139139;0;0;0;0;0;0;1
12:04:24.150138;0;0;0;0;0;0;1
12:04:24.151138;0;0;0;0;0;0;1
12:04:24.151138;0;0;0;0;0;0;1
12:04:24.166140;0;0;0;0;0;0;1
12:04:24.166140;0;0;0;0;0;0;1
12:04:24.166140;0;0;0;0;0;0;1
12:04:24.179139;0;0;0;0;0;0;1
12:04:24.179139;0;0;0;0;0;0;1
12:04:24.193600;0;0;0;0;0;0;1
12:04:24.193600;0;0;0;0;0;0;1
12:04:24.194599;0;0;0;0;0;0;1
12:04:24.206600;0;0;0;0;0;0;1
12:04:24.207600;0;0;0;0;0;0;1
12:04:24.207600;0;0;0;0;0;0;1
12:04:24.219856;0;0;0;0;0;0;1
12:04:24.219856;0;0;0;0;0;0;1
12:04:24.235857;0;0;0;0;0;0;1
12:04:24.236855;0;0;0;0;0;0;1
12:04:24.236855;0;0;0;0;0;0;1
12:04:24.236855;0;0;0;0;0;0;1
12:04:24.249856;0;0;0;0;0;0;1
12:04:24.249856;0;0;0;0;0;0;1
12:04:24.262858;0;0;0;0;0;0;1
12:04:24.262858;0;0;0;0;0;0;1
12:04:24.263855;0;0;0;0;0;0;1
12:04:24.274858;0;0;0;0;0;0;1
12:04:24.275857;0;0;0;0;0;0;1
12:04:24.275857;0;0;0;0;0;0;1
12:04:24.290857;0;0;0;0;0;0;1
12:04:24.290857;0;0;0;0;0;0;1
12:04:24.290857;0;0;0;0;0;0;1
12:04:24.304857;0;0;0;0;0;0;1
12:04:24.304857;0;0;0;0;0;0;1
12:04:24.316522;0;0;0;0;0;0;1
12:04:24.317521;0;0;0;0;0;0;1
12:04:24.317521;0;0;0;0;0;0;1
12:04:24.331522;0;0;0;0;0;0;1
12:04:24.331522;0;0;0;0;0;0;1
12:04:24.332523;0;0;0;0;0;0;1
12:04:24.346522;0;0;0;0;0;0;1
12:04:24.346522;0;0;0;0;0;0;1
12:04:24.346522;0;0;0;0;0;0;1
12:04:24.358543;0;0;0;0;0;0;1
12:04:24.359521;0;0;0;0;0;0;1
12:04:24.373524;0;0;0;0;0;0;1
12:04:24.373524;0;0;0;0;0;0;1
12:04:24.373524;0;0;0;0;0;0;1
12:04:24.387542;0;0;0;0;0;0;1
12:04:24.388521;0;0;0;0;0;0;1
12:04:24.388521;0;0;0;0;0;0;1
12:04:24.399523;0;0;0;0;0;0;1
12:04:24.400522;0;0;0;0;0;0;1
12:04:24.400522;0;0;0;0;0;0;1
12:04:24.415043;0;0;0;0;0;0;1
12:04:24.416043;0;0;0;0;0;0;1
12:04:24.416043;0;0;0;0;0;0;1
12:04:24.430044;0;0;0;0;0;0;1
12:04:24.430044;0;0;0;0;0;0;1
12:04:24.431044;0;0;0;0;0;0;1
12:04:24.443044;0;0;0;0;0;0;1
12:04:24.443044;0;0;0;0;0;0;1
12:04:24.456043;0;0;0;0;0;0;1
12:04:24.456043;0;0;0;0;0;0;1
12:04:24.456043;0;0;0;0;0;0;1
12:04:24.470043;0;0;0;0;0;0;1
12:04:24.470043;0;0;0;0;0;0;1
12:04:24.481043;0;0;0;0;0;0;1
12:04:24.482045;0;0;0;0;0;0;1
12:04:24.482045;0;0;0;0;0;0;1
12:04:24.499044;0;0;0;0;0;0;1
12:04:24.499044;0;0;0;0;0;0;1
12:04:24.500070;0;0;0;0;0;0;1
12:04:24.509043;0;0;0;0;0;0;1
12:04:24.510043;0;0;0;0;0;0;1
12:04:24.526652;0;0;0;0;0;0;1
12:04:24.527652;0;0;0;0;0;0;1
12:04:24.527652;0;0;0;0;0;0;1
12:04:24.527652;0;0;0;0;0;0;1
12:04:24.540652;0;0;0;0;0;0;1
12:04:24.541653;0;0;0;0;0;0;1
12:04:24.541653;0;0;0;0;0;0;1
12:04:24.552422;0;0;0;0;0;0;1
12:04:24.553424;0;0;0;0;0;0;1
12:04:24.567449;0;0;0;0;0;0;1
12:04:24.568448;0;0;0;0;0;0;1
12:04:24.568448;0;0;0;0;0;0;1
12:04:24.581128;0;0;0;0;0;0;1
12:04:24.581128;0;0;0;0;0;0;1
12:04:24.581128;0;0;0;0;0;0;1
12:04:24.595709;0;0;0;0;0;0;1
12:04:24.596709;0;0;0;0;0;0;1
12:04:24.596709;0;0;0;0;0;0;1
12:04:24.608710;0;0;0;0;0;0;1
12:04:24.608710;0;0;0;0;0;0;1
12:04:24.622709;0;0;0;0;0;0;1
12:04:24.622709;0;0;0;0;0;0;1
12:04:24.623709;0;0;0;0;0;0;1
12:04:24.637710;0;0;0;0;0;0;1
12:04:24.637710;0;0;0;0;0;0;1
12:04:24.638710;0;0;0;0;0;0;1
12:04:24.651710;0;0;0;0;0;0;1
12:04:24.651710;0;0;0;0;0;0;1
12:04:24.652711;0;0;0;0;0;0;1
12:04:24.664710;0;0;0;0;0;0;1
12:04:24.665735;0;0;0;0;0;0;1
12:04:24.679710;0;0;0;0;0;0;1
12:04:24.679710;0;0;0;0;0;0;1
12:04:24.680710;0;0;0;0;0;0;1
12:04:24.692709;0;0;0;0;0;0;1
12:04:24.692709;0;0;0;0;0;0;1
12:04:24.693709;0;0;0;0;0;0;1
12:04:24.705709;0;0;0;0;0;0;1
12:04:24.705709;0;0;0;0;0;0;1
12:04:24.706709;0;0;0;0;0;0;1
12:04:24.719729;0;0;0;0;0;0;1
12:04:24.720710;0;0;0;0;0;0;1
12:04:24.720710;0;0;0;0;0;0;1
12:04:24.734709;0;0;0;0;0;0;1
12:04:24.734709;0;0;0;0;0;0;1
12:04:24.749710;0;0;0;0;0;0;1
12:04:24.749710;0;0;0;0;0;0;1
12:04:24.749710;0;0;0;0;0;0;1
12:04:24.761709;0;0;0;0;0;0;1
12:04:24.761709;0;0;0;0;0;0;1
12:04:24.762734;0;0;0;0;0;0;1
12:04:24.775739;0;0;0;0;0;0;1
12:04:24.776710;0;0;0;0;0;0;1
12:04:24.776710;0;0;0;0;0;0;1
12:04:24.790711;0;0;0;0;0;0;1
12:04:24.791709;0;0;0;0;0;0;1
12:04:24.791709;0;0;0;0;0;0;1
12:04:24.803732;0;0;0;0;0;0;1
12:04:24.804710;0;0;0;0;0;0;1
12:04:24.818710;0;0;0;0;0;0;1
12:04:24.818710;0;0;0;0;0;0;1
12:04:24.818710;0;0;0;0;0;0;1
12:04:24.831072;0;0;0;0;0;0;1
12:04:24.831072;0;0;0;0;0;0;1
12:04:24.832074;0;0;0;0;0;0;1
12:04:24.844820;0;0;0;0;0;0;1
12:04:24.844820;0;0;0;0;0;0;1
12:04:24.859404;0;0;0;0;0;0;1
12:04:24.859404;0;0;0;0;0;0;1
12:04:24.859404;0;0;0;0;0;0;1
12:04:24.874206;0;0;0;0;0;0;1
12:04:24.874206;0;0;0;0;0;0;1
12:04:24.874206;0;0;0;0;0;0;1
12:04:24.886206;0;0;0;0;0;0;1
12:04:24.886206;0;0;0;0;0;0;1
12:04:24.887218;0;0;0;0;0;0;1
12:04:24.900425;0;0;0;0;0;0;1
12:04:24.901426;0;0;0;0;0;0;1
12:04:24.901426;0;0;0;0;0;0;1
12:04:24.915993;0;0;0;0;0;0;1
12:04:24.915993;0;0;0;0;0;0;1
12:04:24.916992;0;0;0;0;0;0;1
12:04:24.927991;0;0;0;0;0;0;1
12:04:24.928993;0;0;0;0;0;0;1
12:04:24.942992;0;0;0;0;0;0;1
12:04:24.943992;0;0;0;0;0;0;1
12:04:24.943992;0;0;0;0;0;0;1
12:04:24.957011;0;0;0;0;0;0;1
12:04:24.957991;0;0;0;0;0;0;1
12:04:24.957991;0;0;0;0;0;0;1
12:04:24.971012;0;0;0;0;0;0;1
12:04:24.971992;0;0;0;0;0;0;1
12:04:24.971992;0;0;0;0;0;0;1
12:04:24.983992;0;0;0;0;0;0;1
12:04:24.983992;0;0;0;0;0;0;1
12:04:24.998013;0;0;0;0;0;0;1
12:04:24.998992;0;0;0;0;0;0;1
12:04:24.998992;0;0;0;0;0;0;1
12:04:25.011992;0;0;0;0;0;0;1
12:04:25.011992;0;0;0;0;0;0;1
12:04:25.012525;0;0;0;0;0;0;1
12:04:25.027033;0;0;0;0;0;0;1
12:04:25.027033;0;0;0;0;0;0;1
12:04:25.027033;0;0;0;0;0;0;1
12:04:25.039034;0;0;0;0;0;0;1
12:04:25.039034;0;0;0;0;0;0;1
12:04:25.053035;0;0;0;0;0;0;1
12:04:25.053035;0;0;0;0;0;0;1
12:04:25.054034;0;0;0;0;0;0;1
12:04:25.068034;0;0;0;0;0;0;1
12:04:25.068034;0;0;0;0;0;0;1
12:04:25.068034;0;0;0;0;0;0;1
12:04:25.081034;0;0;0;0;0;0;1
12:04:25.081034;0;0;0;0;0;0;1
12:04:25.081034;0;0;0;0;0;0;1
12:04:25.095659;0;0;0;0;0;0;1
12:04:25.095659;0;0;0;0;0;0;1
12:04:25.095659;0;0;0;0;0;0;1
12:04:25.110630;0;0;0;0;0;0;1
12:04:25.110630;0;0;0;0;0;0;1
12:04:25.110630;0;0;0;0;0;0;1
12:04:25.123632;0;0;0;0;0;0;1
12:04:25.123632;0;0;0;0;0;0;1
12:04:25.135629;0;0;0;0;0;0;1
12:04:25.136631;0;0;0;0;0;0;1
12:04:25.136631;0;0;0;0;0;0;1
12:04:25.150631;0;0;0;0;0;0;1
12:04:25.150631;0;0;0;0;0;0;1
12:04:25.151629;0;0;0;0;0;0;1
12:04:25.164629;0;0;0;0;0;0;1
12:04:25.164629;0;0;0;0;0;0;1
12:04:25.178630;0;0;0;0;0;0;1
12:04:25.179631;0;0;0;0;0;0;1
12:04:25.179631;0;0;0;0;0;0;1
12:04:25.191657;0;0;0;0;0;0;1
12:04:25.192172;0;0;0;0;0;0;1
12:04:25.192172;0;0;0;0;0;0;1
12:04:25.206171;0;0;0;0;0;0;1
12:04:25.206171;0;0;0;0;0;0;1
12:04:25.207170;0;0;0;0;0;0;1
12:04:25.221169;0;0;0;0;0;0;1
12:04:25.221169;0;0;0;0;0;0;1
12:04:25.221169;0;0;0;0;0;0;1
12:04:25.233170;0;0;0;0;0;0;1
12:04:25.233170;0;0;0;0;0;0;1
12:04:25.247171;0;0;0;0;0;0;1
12:04:25.248171;0;0;0;0;0;0;1
12:04:25.248171;0;0;0;0;0;0;1
12:04:25.263169;0;0;0;0;0;0;1
12:04:25.263169;0;0;0;0;0;0;1
12:04:25.264172;0;0;0;0;0;0;1
12:04:25.278190;0;0;0;0;0;0;1
12:04:25.279172;0;0;0;0;0;0;1
12:04:25.279172;0;0;0;0;0;0;1
12:04:25.291170;0;0;0;0;0;0;1
12:04:25.291170;0;0;0;0;0;0;1
12:04:25.291170;0;0;0;0;0;0;1
12:04:25.303192;0;0;0;0;0;0;1
12:04:25.304169;0;0;0;0;0;0;1
12:04:25.317891;0;0;0;0;0;0;1
12:04:25.318910;0;0;0;0;0;0;1
12:04:25.318910;0;0;0;0;0;0;1
12:04:25.330890;0;0;0;0;0;0;1
12:04:25.330890;0;0;0;0;0;0;1
12:04:25.331889;0;0;0;0;0;0;1
12:04:25.345891;0;0;0;0;0;0;1
12:04:25.345891;0;0;0;0;0;0;1
12:04:25.346891;0;0;0;0;0;0;1
12:04:25.358890;0;0;0;0;0;0;1
12:04:25.358890;0;0;0;0;0;0;1
12:04:25.371889;0;0;0;0;0;0;1
12:04:25.372890;0;0;0;0;0;0;1
12:04:25.372890;0;0;0;0;0;0;1
12:04:25.386889;0;0;0;0;0;0;1
12:04:25.386889;0;0;0;0;0;0;1
12:04:25.387890;0;0;0;0;0;0;1
12:04:25.400915;0;0;0;0;0;0;1
12:04:25.401891;0;0;0;0;0;0;1
12:04:25.401891;0;0;0;0;0;0;1
12:04:25.414442;0;0;0;0;0;0;1
12:04:25.414442;0;0;0;0;0;0;1
12:04:25.428439;0;0;0;0;0;0;1
12:04:25.428439;0;0;0;0;0;0;1
12:04:25.429439;0;0;0;0;0;0;1
12:04:25.443441;0;0;0;0;0;0;1
12:04:25.443441;0;0;0;0;0;0;1
12:04:25.444440;0;0;0;0;0;0;1
12:04:25.456464;0;0;0;0;0;0;1
12:04:25.457439;0;0;0;0;0;0;1
12:04:25.457439;0;0;0;0;0;0;1
12:04:25.471441;0;0;0;0;0;0;1
12:04:25.472439;0;0;0;0;0;0;1
12:04:25.472439;0;0;0;0;0;0;1
12:04:25.484441;0;0;0;0;0;0;1
12:04:25.484441;0;0;0;0;0;0;1
12:04:25.498439;0;0;0;0;0;0;1
12:04:25.498439;0;0;0;0;0;0;1
12:04:25.498439;0;0;0;0;0;0;1
12:04:25.512241;0;0;0;0;0;0;1
12:04:25.513239;0;0;0;0;0;0;1
12:04:25.513239;0;0;0;0;0;0;1
12:04:25.525239;0;0;0;0;0;0;1
12:04:25.525239;0;0;0;0;0;0;1
12:04:25.526241;0;0;0;0;0;0;1
12:04:25.541240;0;0;0;0;0;0;1
12:04:25.541240;0;0;0;0;0;0;1
12:04:25.541240;0;0;0;0;0;0;1
12:04:25.553240;0;0;0;0;0;0;1
12:04:25.553240;0;0;0;0;0;0;1
12:04:25.567240;0;0;0;0;0;0;1
12:04:25.567240;0;0;0;0;0;0;1
12:04:25.568239;0;0;0;0;0;0;1
12:04:25.582239;0;0;0;0;0;0;1
12:04:25.582810;0;0;0;0;0;0;1
12:04:25.582810;0;0;0;0;0;0;1
12:04:25.596811;0;0;0;0;0;0;1
12:04:25.596811;0;0;0;0;0;0;1
12:04:25.597809;0;0;0;0;0;0;1
12:04:25.608811;0;0;0;0;0;0;1
12:04:25.609362;0;0;0;0;0;0;1
12:04:25.622994;0;0;0;0;0;0;1
12:04:25.623992;0;0;0;0;0;0;1
12:04:25.623992;0;0;0;0;0;0;1
12:04:25.637993;0;0;0;0;0;0;1
12:04:25.637993;0;0;0;0;0;0;1
12:04:25.638992;0;0;0;0;0;0;1
12:04:25.649953;0;0;0;0;0;0;1
12:04:25.650953;0;0;0;0;0;0;1
12:04:25.650953;0;0;0;0;0;0;1
12:04:25.665953;0;0;0;0;0;0;1
12:04:25.665953;0;0;0;0;0;0;1
12:04:25.665953;0;0;0;0;0;0;1
12:04:25.677979;0;0;0;0;0;0;1
12:04:25.678954;0;0;0;0;0;0;1
12:04:25.691633;0;0;0;0;0;0;1
12:04:25.692613;0;0;0;0;0;0;1
12:04:25.692613;0;0;0;0;0;0;1
12:04:25.706614;0;0;0;0;0;0;1
12:04:25.706614;0;0;0;0;0;0;1
12:04:25.707612;0;0;0;0;0;0;1
12:04:25.721130;0;0;0;0;0;0;1
12:04:25.721130;0;0;0;0;0;0;1
12:04:25.722129;0;0;0;0;0;0;1
12:04:25.735160;0;0;0;0;0;0;1
12:04:25.736130;0;0;0;0;0;0;1
12:04:25.736130;0;0;0;0;0;0;1
12:04:25.748016;0;0;0;0;0;0;1
12:04:25.748016;0;0;0;0;0;0;1
12:04:25.763016;0;0;0;0;0;0;1
12:04:25.763016;0;0;0;0;0;0;1
12:04:25.763016;0;0;0;0;0;0;1
12:04:25.777017;0;0;0;0;0;0;1
12:04:25.777017;0;0;0;0;0;0;1
12:04:25.778015;0;0;0;0;0;0;1
12:04:25.789017;0;0;0;0;0;0;1
12:04:25.790037;0;0;0;0;0;0;1
12:04:25.803037;0;0;0;0;0;0;1
12:04:25.804017;0;0;0;0;0;0;1
12:04:25.804017;0;0;0;0;0;0;1
12:04:25.818399;0;0;0;0;0;0;1
12:04:25.818399;0;0;0;0;0;0;1
12:04:25.819399;0;0;0;0;0;0;1
12:04:25.830400;0;0;0;0;0;0;1
12:04:25.830400;0;0;0;0;0;0;1
12:04:25.831416;0;0;0;0;0;0;1
12:04:25.845133;0;0;0;0;0;0;1
12:04:25.845133;0;0;0;0;0;0;1
12:04:25.846132;0;0;0;0;0;0;1
12:04:25.859834;0;0;0;0;0;0;1
12:04:25.859834;0;0;0;0;0;0;1
12:04:25.860833;0;0;0;0;0;0;1
12:04:25.874835;0;0;0;0;0;0;1
12:04:25.874835;0;0;0;0;0;0;1
12:04:25.886833;0;0;0;0;0;0;1
12:04:25.886833;0;0;0;0;0;0;1
12:04:25.886833;0;0;0;0;0;0;1
12:04:25.901347;0;0;0;0;0;0;1
12:04:25.902424;0;0;0;0;0;0;1
12:04:25.902424;0;0;0;0;0;0;1
12:04:25.914009;0;0;0;0;0;0;1
12:04:25.914009;0;0;0;0;0;0;1
12:04:25.930023;0;0;0;0;0;0;1
12:04:25.931042;0;0;0;0;0;0;1
12:04:25.931042;0;0;0;0;0;0;1
12:04:25.942024;0;0;0;0;0;0;1
12:04:25.943024;0;0;0;0;0;0;1
12:04:25.943024;0;0;0;0;0;0;1
12:04:25.957022;0;0;0;0;0;0;1
12:04:25.958023;0;0;0;0;0;0;1
12:04:25.958023;0;0;0;0;0;0;1
12:04:25.969778;0;0;0;0;0;0;1
12:04:25.969778;0;0;0;0;0;0;1
12:04:25.984033;0;0;0;0;0;0;1
12:04:25.984033;0;0;0;0;0;0;1
12:04:25.984033;0;0;0;0;0;0;1
12:04:25.998017;0;0;0;0;0;0;1
12:04:25.999016;0;0;0;0;0;0;1
12:04:25.999016;0;0;0;0;0;0;1
12:04:26.011017;0;0;0;0;0;0;1
12:04:26.011017;0;0;0;0;0;0;1
12:04:26.012016;0;0;0;0;0;0;1
12:04:26.025037;0;0;0;0;0;0;1
12:04:26.026015;0;0;0;0;0;0;1
12:04:26.026015;0;0;0;0;0;0;1
12:04:26.040017;0;0;0;0;0;0;1
12:04:26.040017;0;0;0;0;0;0;1
12:04:26.041016;0;0;0;0;0;0;1
12:04:26.058035;0;0;0;0;0;0;1
12:04:26.058035;0;0;0;0;0;0;1
12:04:26.066020;0;0;0;0;0;0;1
12:04:26.067016;0;0;0;0;0;0;1
12:04:26.067016;0;0;0;0;0;0;1
12:04:26.078016;0;0;0;0;0;0;1
12:04:26.079017;0;0;0;0;0;0;1
12:04:26.096017;0;0;0;0;0;0;1
12:04:26.096017;0;0;0;0;0;0;1
12:04:26.096017;0;0;0;0;0;0;1
12:04:26.097015;0;0;0;0;0;0;1
12:04:26.108017;0;0;0;0;0;0;1
12:04:26.109017;0;0;0;0;0;0;1
12:04:26.123016;0;0;0;0;0;0;1
12:04:26.123016;0;0;0;0;0;0;1
12:04:26.124016;0;0;0;0;0;0;1
12:04:26.138017;0;0;0;0;0;0;1
12:04:26.139015;0;0;0;0;0;0;1
12:04:26.139015;0;0;0;0;0;0;1
12:04:26.151016;0;0;0;0;0;0;1
12:04:26.151016;0;0;0;0;0;0;1
12:04:26.151016;0;0;0;0;0;0;1
12:04:26.166016;0;0;0;0;0;0;1
12:04:26.166016;0;0;0;0;0;0;1
12:04:26.166016;0;0;0;0;0;0;1
12:04:26.178015;0;0;0;0;0;0;1
12:04:26.178015;0;0;0;0;0;0;1
12:04:26.193017;0;0;0;0;0;0;1
12:04:26.193017;0;0;0;0;0;0;1
12:04:26.194015;0;0;0;0;0;0;1
12:04:26.206017;0;0;0;0;0;0;1
12:04:26.206017;0;0;0;0;0;0;1
12:04:26.206017;0;0;0;0;0;0;1
12:04:26.220036;0;0;0;0;0;0;1
12:04:26.221016;0;0;0;0;0;0;1
12:04:26.221016;0;0;0;0;0;0;1
12:04:26.233033;0;0;0;0;0;0;1
12:04:26.234030;0;0;0;0;0;0;1
12:04:26.248031;0;0;0;0;0;0;1
12:04:26.248031;0;0;0;0;0;0;1
12:04:26.248031;0;0;0;0;0;0;1
12:04:26.261379;0;0;0;0;0;0;1
12:04:26.262875;0;0;0;0;0;0;1
12:04:26.262875;0;0;0;0;0;0;1
12:04:26.275623;0;0;0;0;0;0;1
12:04:26.275623;0;0;0;0;0;0;1
12:04:26.275623;0;0;0;0;0;0;1
12:04:26.290271;0;0;0;0;0;0;1
12:04:26.291248;0;0;0;0;0;0;1
12:04:26.291248;0;0;0;0;0;0;1
12:04:26.303400;0;0;0;0;0;0;1
12:04:26.304401;0;0;0;0;0;0;1
12:04:26.317947;0;0;0;0;0;0;1
12:04:26.317947;0;0;0;0;0;0;1
12:04:26.318947;0;0;0;0;0;0;1
12:04:26.331948;0;0;0;0;0;0;1
12:04:26.331948;0;0;0;0;0;0;1
12:04:26.333429;0;0;0;0;0;0;1
12:04:26.344431;0;0;0;0;0;0;1
12:04:26.345431;0;0;0;0;0;0;1
12:04:26.359429;0;0;0;0;0;0;1
12:04:26.360456;0;0;0;0;0;0;1
12:04:26.360456;0;0;0;0;0;0;1
12:04:26.373430;0;0;0;0;0;0;1
12:04:26.373430;0;0;0;0;0;0;1
12:04:26.373430;0;0;0;0;0;0;1
12:04:26.387452;0;0;0;0;0;0;1
12:04:26.387452;0;0;0;0;0;0;1
12:04:26.387452;0;0;0;0;0;0;1
12:04:26.399430;0;0;0;0;0;0;1
12:04:26.400430;0;0;0;0;0;0;1
12:04:26.413953;0;0;0;0;0;0;1
12:04:26.413953;0;0;0;0;0;0;1
12:04:26.414951;0;0;0;0;0;0;1
12:04:26.430343;0;0;0;0;0;0;1
12:04:26.430343;0;0;0;0;0;0;1
12:04:26.431343;0;0;0;0;0;0;1
12:04:26.431343;0;0;0;0;0;0;1
12:04:26.442162;0;0;0;0;0;0;1
12:04:26.443161;0;0;0;0;0;0;1
12:04:26.456161;0;0;0;0;0;0;1
12:04:26.456161;0;0;0;0;0;0;1
12:04:26.457160;0;0;0;0;0;0;1
12:04:26.470160;0;0;0;0;0;0;1
12:04:26.471160;0;0;0;0;0;0;1
12:04:26.472017;0;0;0;0;0;0;1
12:04:26.484014;0;0;0;0;0;0;1
12:04:26.485015;0;0;0;0;0;0;1
12:04:26.499014;0;0;0;0;0;0;1
12:04:26.499014;0;0;0;0;0;0;1
12:04:26.500014;0;0;0;0;0;0;1
12:04:26.513014;0;0;0;0;0;0;1
12:04:26.514015;0;0;0;0;0;0;1
12:04:26.514015;0;0;0;0;0;0;1
12:04:26.525089;0;0;0;0;0;0;1
12:04:26.525089;0;0;0;0;0;0;1
12:04:26.541088;0;0;0;0;0;0;1
12:04:26.541088;0;0;0;0;0;0;1
12:04:26.542050;0;0;0;0;0;0;1
12:04:26.543046;0;0;0;0;0;0;1
12:04:26.555063;0;0;0;0;0;0;1
12:04:26.556064;0;0;0;0;0;0;1
12:04:26.556064;0;0;0;0;0;0;1
12:04:26.567457;0;0;0;0;0;0;1
12:04:26.567457;0;0;0;0;0;0;1
12:04:26.581682;0;0;0;0;0;0;1
12:04:26.582192;0;0;0;0;0;0;1
12:04:26.583192;0;0;0;0;0;0;1
12:04:26.595043;0;0;0;0;0;0;1
12:04:26.602077;0;0;0;0;0;0;1
12:04:26.607074;0;0;0;0;0;0;1
12:04:26.608099;0;0;0;0;0;0;1
12:04:26.608099;0;0;0;0;0;0;1
12:04:26.624075;0;0;0;0;0;0;1
12:04:26.624075;0;0;0;0;0;0;1
12:04:26.625074;0;0;0;0;0;0;1
12:04:26.638074;0;0;0;0;0;0;1
12:04:26.639075;0;0;0;0;0;0;1
12:04:26.639075;0;0;0;0;0;0;1
12:04:26.652397;0;0;0;0;0;0;1
12:04:26.653415;0;0;0;0;0;0;1
12:04:26.653415;0;0;0;0;0;0;1
12:04:26.664061;0;0;0;0;0;0;1
12:04:26.665061;0;0;0;0;0;0;1
12:04:26.678061;0;0;0;0;0;0;1
12:04:26.679062;0;0;0;0;0;0;1
12:04:26.679062;0;0;0;0;0;0;1
12:04:26.692987;0;0;0;0;0;0;1
12:04:26.692987;0;0;0;0;0;0;1
12:04:26.693986;0;0;0;0;0;0;1
12:04:26.706986;0;0;0;0;0;0;1
12:04:26.707985;0;0;0;0;0;0;1
12:04:26.707985;0;0;0;0;0;0;1
12:04:26.721072;0;0;0;0;0;0;1
12:04:26.722072;0;0;0;0;0;0;1
12:04:26.722072;0;0;0;0;0;0;1
12:04:26.735093;0;0;0;0;0;0;1
12:04:26.736073;0;0;0;0;0;0;1
12:04:26.737073;0;0;0;0;0;0;1
12:04:26.747071;0;0;0;0;0;0;1
12:04:26.748092;0;0;0;0;0;0;1
12:04:26.761093;0;0;0;0;0;0;1
12:04:26.762073;0;0;0;0;0;0;1
12:04:26.763073;0;0;0;0;0;0;1
12:04:26.777074;0;0;0;0;0;0;1
12:04:26.778073;0;0;0;0;0;0;1
12:04:26.778073;0;0;0;0;0;0;1
12:04:26.789072;0;0;0;0;0;0;1
12:04:26.789072;0;0;0;0;0;0;1
12:04:26.803249;0;0;0;0;0;0;1
12:04:26.804250;0;0;0;0;0;0;1
12:04:26.804250;0;0;0;0;0;0;1
12:04:26.817249;0;0;0;0;0;0;1
12:04:26.818250;0;0;0;0;0;0;1
12:04:26.819250;0;0;0;0;0;0;1
12:04:26.832213;0;0;0;0;0;0;1
12:04:26.832213;0;0;0;0;0;0;1
12:04:26.833212;0;0;0;0;0;0;1
12:04:26.845242;0;0;0;0;0;0;1
12:04:26.846264;0;0;0;0;0;0;1
12:04:26.847241;0;0;0;0;0;0;1
12:04:26.856616;0;0;0;0;0;0;1
12:04:26.857616;0;0;0;0;0;0;1
12:04:26.873022;0;0;0;0;0;0;1
12:04:26.873022;0;0;0;0;0;0;1
12:04:26.874022;0;0;0;0;0;0;1
12:04:26.887024;0;0;0;0;0;0;1
12:04:26.887024;0;0;0;0;0;0;1
12:04:26.888022;0;0;0;0;0;0;1
12:04:26.901026;0;0;0;0;0;0;1
12:04:26.901026;0;0;0;0;0;0;1
12:04:26.902022;0;0;0;0;0;0;1
12:04:26.915034;0;0;0;0;0;0;1
12:04:26.916055;0;0;0;0;0;0;1
12:04:26.929034;0;0;0;0;0;0;1
12:04:26.929034;0;0;0;0;0;0;1
12:04:26.930036;0;0;0;0;0;0;1
12:04:26.943033;0;0;0;0;0;0;1
12:04:26.944035;0;0;0;0;0;0;1
12:04:26.944035;0;0;0;0;0;0;1
12:04:26.958033;0;0;0;0;0;0;1
12:04:26.958033;0;0;0;0;0;0;1
12:04:26.959033;0;0;0;0;0;0;1
12:04:26.969060;0;0;0;0;0;0;1
12:04:26.970034;0;0;0;0;0;0;1
12:04:26.985035;0;0;0;0;0;0;1
12:04:26.986034;0;0;0;0;0;0;1
12:04:26.987034;0;0;0;0;0;0;1
12:04:26.987034;0;0;0;0;0;0;1
12:04:26.998034;0;0;0;0;0;0;1
12:04:26.998034;0;0;0;0;0;0;1
12:04:27.011034;0;0;0;0;0;0;1
12:04:27.012389;0;0;0;0;0;0;1
12:04:27.018387;0;0;0;0;0;0;1
12:04:27.023282;0;0;0;0;0;0;1
12:04:27.024284;0;0;0;0;0;0;1
12:04:27.040285;0;0;0;0;0;0;1
12:04:27.041302;0;0;0;0;0;0;1
12:04:27.042282;0;0;0;0;0;0;1
12:04:27.042282;0;0;0;0;0;0;1
12:04:27.052280;0;0;0;0;0;0;1
12:04:27.053282;0;0;0;0;0;0;1
12:04:27.066040;0;0;0;0;0;0;1
12:04:27.067039;0;0;0;0;0;0;1
12:04:27.068040;0;0;0;0;0;0;1
12:04:27.081041;0;0;0;0;0;0;1
12:04:27.081606;0;0;0;0;0;0;1
12:04:27.082116;0;0;0;0;0;0;1
12:04:27.095141;0;0;0;0;0;0;1
12:04:27.096114;0;0;0;0;0;0;1
12:04:27.097142;0;0;0;0;0;0;1
12:04:27.111115;0;0;0;0;0;0;1
12:04:27.111742;0;0;0;0;0;0;1
12:04:27.112252;0;0;0;0;0;0;1
12:04:27.123253;0;0;0;0;0;0;1
12:04:27.124251;0;0;0;0;0;0;1
12:04:27.137121;0;0;0;0;0;0;1
12:04:27.138122;0;0;0;0;0;0;1
12:04:27.138122;0;0;0;0;0;0;1
12:04:27.151318;0;0;0;0;0;0;1
12:04:27.157327;0;0;0;0;0;0;1
12:04:27.157327;0;0;0;0;0;0;1
12:04:27.162326;0;0;0;0;0;0;1
12:04:27.163326;0;0;0;0;0;0;1
12:04:27.178327;0;0;0;0;0;0;1
12:04:27.179326;0;0;0;0;0;0;1
12:04:27.180326;0;0;0;0;0;0;1
12:04:27.193105;0;0;0;0;0;0;1
12:04:27.194105;0;0;0;0;0;0;1
12:04:27.195104;0;0;0;0;0;0;1
12:04:27.206104;0;0;0;0;0;0;1
12:04:27.207106;0;0;0;0;0;0;1
12:04:27.207106;0;0;0;0;0;0;1
12:04:27.220063;0;0;0;0;0;0;1
12:04:27.221065;0;0;0;0;0;0;1
12:04:27.221065;0;0;0;0;0;0;1
12:04:27.235064;0;0;0;0;0;0;1
12:04:27.236064;0;0;0;0;0;0;1
12:04:27.237088;0;0;0;0;0;0;1
12:04:27.247012;0;0;0;0;0;0;1
12:04:27.248013;0;0;0;0;0;0;1
12:04:27.261988;0;0;0;0;0;0;1
12:04:27.261988;0;0;0;0;0;0;1
12:04:27.262986;0;0;0;0;0;0;1
12:04:27.275987;0;0;0;0;0;0;1
12:04:27.276986;0;0;0;0;0;0;1
12:04:27.276986;0;0;0;0;0;0;1
12:04:27.289987;0;0;0;0;0;0;1
12:04:27.290988;0;0;0;0;0;0;1
12:04:27.290988;0;0;0;0;0;0;1
12:04:27.304854;0;0;0;0;0;0;1
12:04:27.305854;0;0;0;0;0;0;1
12:04:27.305854;0;0;0;0;0;0;1
12:04:27.316854;0;0;0;0;0;0;1
12:04:27.317875;0;0;0;0;0;0;1
12:04:27.330855;0;0;0;0;0;0;1
12:04:27.331409;0;0;0;0;0;0;1
12:04:27.331409;0;0;0;0;0;0;1
12:04:27.345406;0;0;0;0;0;0;1
12:04:27.346427;0;0;0;0;0;0;1
12:04:27.347407;0;0;0;0;0;0;1
12:04:27.360405;0;0;0;0;0;0;1
12:04:27.361426;0;0;0;0;0;0;1
12:04:27.362407;0;0;0;0;0;0;1
12:04:27.373406;0;0;0;0;0;0;1
12:04:27.373406;0;0;0;0;0;0;1
12:04:27.387406;0;0;0;0;0;0;1
12:04:27.388405;0;0;0;0;0;0;1
12:04:27.388405;0;0;0;0;0;0;1
12:04:27.402406;0;0;0;0;0;0;1
12:04:27.402406;0;0;0;0;0;0;1
12:04:27.403406;0;0;0;0;0;0;1
12:04:27.414448;0;0;0;0;0;0;1
12:04:27.415475;0;0;0;0;0;0;1
12:04:27.428448;0;0;0;0;0;0;1
12:04:27.429449;0;0;0;0;0;0;1
12:04:27.429449;0;0;0;0;0;0;1
12:04:27.443450;0;0;0;0;0;0;1
12:04:27.443450;0;0;0;0;0;0;1
12:04:27.444450;0;0;0;0;0;0;1
12:04:27.455450;0;0;0;0;0;0;1
12:04:27.456449;0;0;0;0;0;0;1
12:04:27.456449;0;0;0;0;0;0;1
12:04:27.470449;0;0;0;0;0;0;1
12:04:27.470449;0;0;0;0;0;0;1
12:04:27.471447;0;0;0;0;0;0;1
12:04:27.485451;0;0;0;0;0;0;1
12:04:27.485451;0;0;0;0;0;0;1
12:04:27.486450;0;0;0;0;0;0;1
12:04:27.497448;0;0;0;0;0;0;1
12:04:27.497448;0;0;0;0;0;0;1
12:04:27.511448;0;0;0;0;0;0;1
12:04:27.512449;0;0;0;0;0;0;1
12:04:27.512449;0;0;0;0;0;0;1
12:04:27.525448;0;0;0;0;0;0;1
12:04:27.526450;0;0;0;0;0;0;1
12:04:27.526450;0;0;0;0;0;0;1
12:04:27.540448;0;0;0;0;0;0;1
12:04:27.540448;0;0;0;0;0;0;1
12:04:27.541473;0;0;0;0;0;0;1
12:04:27.552450;0;0;0;0;0;0;1
12:04:27.553448;0;0;0;0;0;0;1
12:04:27.566449;0;0;0;0;0;0;1
12:04:27.567448;0;0;0;0;0;0;1
12:04:27.568449;0;0;0;0;0;0;1
12:04:27.581005;0;0;0;0;0;0;1
12:04:27.582000;0;0;0;0;0;0;1
12:04:27.582000;0;0;0;0;0;0;1
12:04:27.597001;0;0;0;0;0;0;1
12:04:27.597001;0;0;0;0;0;0;1
12:04:27.598003;0;0;0;0;0;0;1
12:04:27.614543;0;0;0;0;0;0;1
12:04:27.615542;0;0;0;0;0;0;1
12:04:27.615542;0;0;0;0;0;0;1
12:04:27.623542;0;0;0;0;0;0;1
12:04:27.624543;0;0;0;0;0;0;1
12:04:27.636542;0;0;0;0;0;0;1
12:04:27.637542;0;0;0;0;0;0;1
12:04:27.638558;0;0;0;0;0;0;1
12:04:27.651543;0;0;0;0;0;0;1
12:04:27.652541;0;0;0;0;0;0;1
12:04:27.652541;0;0;0;0;0;0;1
12:04:27.664004;0;0;0;0;0;0;1
12:04:27.664983;0;0;0;0;0;0;1
12:04:27.678982;0;0;0;0;0;0;1
12:04:27.678982;0;0;0;0;0;0;1
12:04:27.679983;0;0;0;0;0;0;1
12:04:27.693595;0;0;0;0;0;0;1
12:04:27.694596;0;0;0;0;0;0;1
12:04:27.695596;0;0;0;0;0;0;1
12:04:27.707791;0;0;0;0;0;0;1
12:04:27.707791;0;0;0;0;0;0;1
12:04:27.708792;0;0;0;0;0;0;1
12:04:27.720165;0;0;0;0;0;0;1
12:04:27.721167;0;0;0;0;0;0;1
12:04:27.722166;0;0;0;0;0;0;1
12:04:27.735166;0;0;0;0;0;0;1
12:04:27.736165;0;0;0;0;0;0;1
12:04:27.736165;0;0;0;0;0;0;1
12:04:27.747166;0;0;0;0;0;0;1
12:04:27.748186;0;0;0;0;0;0;1
12:04:27.761165;0;0;0;0;0;0;1
12:04:27.762165;0;0;0;0;0;0;1
12:04:27.762165;0;0;0;0;0;0;1
12:04:27.776166;0;0;0;0;0;0;1
12:04:27.776166;0;0;0;0;0;0;1
12:04:27.777168;0;0;0;0;0;0;1
12:04:27.790191;0;0;0;0;0;0;1
12:04:27.791165;0;0;0;0;0;0;1
12:04:27.792166;0;0;0;0;0;0;1
12:04:27.803166;0;0;0;0;0;0;1
12:04:27.804167;0;0;0;0;0;0;1
12:04:27.817166;0;0;0;0;0;0;1
12:04:27.818166;0;0;0;0;0;0;1
12:04:27.818166;0;0;0;0;0;0;1
12:04:27.831778;0;0;0;0;0;0;1
12:04:27.832289;0;0;0;0;0;0;1
12:04:27.833289;0;0;0;0;0;0;1
12:04:27.847289;0;0;0;0;0;0;1
12:04:27.848291;0;0;0;0;0;0;1
12:04:27.848291;0;0;0;0;0;0;1
12:04:27.859289;0;0;0;0;0;0;1
12:04:27.860290;0;0;0;0;0;0;1
12:04:27.873289;0;0;0;0;0;0;1
12:04:27.874310;0;0;0;0;0;0;1
12:04:27.875290;0;0;0;0;0;0;1
12:04:27.888290;0;0;0;0;0;0;1
12:04:27.889291;0;0;0;0;0;0;1
12:04:27.889291;0;0;0;0;0;0;1
12:04:27.900289;0;0;0;0;0;0;1
12:04:27.901288;0;0;0;0;0;0;1
12:04:27.901288;0;0;0;0;0;0;1
12:04:27.915288;0;0;0;0;0;0;1
12:04:27.916309;0;0;0;0;0;0;1
12:04:27.917288;0;0;0;0;0;0;1
12:04:27.929290;0;0;0;0;0;0;1
12:04:27.930289;0;0;0;0;0;0;1
12:04:27.943291;0;0;0;0;0;0;1
12:04:27.944289;0;0;0;0;0;0;1
12:04:27.945288;0;0;0;0;0;0;1
12:04:27.955314;0;0;0;0;0;0;1
12:04:27.956289;0;0;0;0;0;0;1
12:04:27.957288;0;0;0;0;0;0;1
12:04:27.970441;0;0;0;0;0;0;1
12:04:27.971443;0;0;0;0;0;0;1
12:04:27.972099;0;0;0;0;0;0;1
12:04:27.984118;0;0;0;0;0;0;1
12:04:27.985098;0;0;0;0;0;0;1
12:04:27.999096;0;0;0;0;0;0;1
12:04:28.000096;0;0;0;0;0;0;1
12:04:28.000096;0;0;0;0;0;0;1
12:04:28.011097;0;0;0;0;0;0;1
12:04:28.012124;0;0;0;0;0;0;1
12:04:28.013121;0;0;0;0;0;0;1
12:04:28.026757;0;0;0;0;0;0;1
12:04:28.027754;0;0;0;0;0;0;1
12:04:28.028752;0;0;0;0;0;0;1
12:04:28.038752;0;0;0;0;0;0;1
12:04:28.039751;0;0;0;0;0;0;1
12:04:28.055752;0;0;0;0;0;0;1
12:04:28.055752;0;0;0;0;0;0;1
12:04:28.056752;0;0;0;0;0;0;1
12:04:28.057751;0;0;0;0;0;0;1
12:04:28.067753;0;0;0;0;0;0;1
12:04:28.068752;0;0;0;0;0;0;1
12:04:28.081752;0;0;0;0;0;0;1
12:04:28.082782;0;0;0;0;0;0;1
12:04:28.083753;0;0;0;0;0;0;1
12:04:28.096751;0;0;0;0;0;0;1
12:04:28.096751;0;0;0;0;0;0;1
12:04:28.097750;0;0;0;0;0;0;1
12:04:28.108751;0;0;0;0;0;0;1
12:04:28.109753;0;0;0;0;0;0;1
12:04:28.123316;0;0;0;0;0;0;1
12:04:28.124315;0;0;0;0;0;0;1
12:04:28.124315;0;0;0;0;0;0;1
12:04:28.136315;0;0;0;0;0;0;1
12:04:28.137315;0;0;0;0;0;0;1
12:04:28.137315;0;0;0;0;0;0;1
12:04:28.150336;0;0;0;0;0;0;1
12:04:28.151336;0;0;0;0;0;0;1
12:04:28.152317;0;0;0;0;0;0;1
12:04:28.164335;0;0;0;0;0;0;1
12:04:28.165315;0;0;0;0;0;0;1
12:04:28.178316;0;0;0;0;0;0;1
12:04:28.179316;0;0;0;0;0;0;1
12:04:28.180315;0;0;0;0;0;0;1
12:04:28.193171;0;0;0;0;0;0;1
12:04:28.193171;0;0;0;0;0;0;1
12:04:28.194170;0;0;0;0;0;0;1
12:04:28.207171;0;0;0;0;0;0;1
12:04:28.208197;0;0;0;0;0;0;1
12:04:28.208197;0;0;0;0;0;0;1
12:04:28.221170;0;0;0;0;0;0;1
12:04:28.222192;0;0;0;0;0;0;1
12:04:28.223192;0;0;0;0;0;0;1
12:04:28.233170;0;0;0;0;0;0;1
12:04:28.234171;0;0;0;0;0;0;1
12:04:28.248170;0;0;0;0;0;0;1
12:04:28.248170;0;0;0;0;0;0;1
12:04:28.249170;0;0;0;0;0;0;1
12:04:28.263170;0;0;0;0;0;0;1
12:04:28.264193;0;0;0;0;0;0;1
12:04:28.264193;0;0;0;0;0;0;1
12:04:28.277170;0;0;0;0;0;0;1
12:04:28.278195;0;0;0;0;0;0;1
12:04:28.279190;0;0;0;0;0;0;1
12:04:28.289171;0;0;0;0;0;0;1
12:04:28.290172;0;0;0;0;0;0;1
12:04:28.304171;0;0;0;0;0;0;1
12:04:28.305170;0;0;0;0;0;0;1
12:04:28.305170;0;0;0;0;0;0;1
12:04:28.319171;0;0;0;0;0;0;1
12:04:28.319171;0;0;0;0;0;0;1
12:04:28.320171;0;0;0;0;0;0;1
12:04:28.330928;0;0;0;0;0;0;1
12:04:28.330928;0;0;0;0;0;0;1
12:04:28.331924;0;0;0;0;0;0;1
12:04:28.344925;0;0;0;0;0;0;1
12:04:28.345927;0;0;0;0;0;0;1
12:04:28.345927;0;0;0;0;0;0;1
12:04:28.356923;0;0;0;0;0;0;1
12:04:28.357925;0;0;0;0;0;0;1
12:04:28.374923;0;0;0;0;0;0;1
12:04:28.380943;0;0;0;0;0;0;1
12:04:28.381924;0;0;0;0;0;0;1
12:04:28.382924;0;0;0;0;0;0;1
12:04:28.386924;0;0;0;0;0;0;1
12:04:28.387925;0;0;0;0;0;0;1
12:04:28.401925;0;0;0;0;0;0;1
12:04:28.401925;0;0;0;0;0;0;1
12:04:28.402923;0;0;0;0;0;0;1
12:04:28.416793;0;0;0;0;0;0;1
12:04:28.416793;0;0;0;0;0;0;1
12:04:28.417792;0;0;0;0;0;0;1
12:04:28.428793;0;0;0;0;0;0;1
12:04:28.429793;0;0;0;0;0;0;1
12:04:28.442794;0;0;0;0;0;0;1
12:04:28.443793;0;0;0;0;0;0;1
12:04:28.443793;0;0;0;0;0;0;1
12:04:28.457793;0;0;0;0;0;0;1
12:04:28.457793;0;0;0;0;0;0;1
12:04:28.458793;0;0;0;0;0;0;1
12:04:28.469793;0;0;0;0;0;0;1
12:04:28.470794;0;0;0;0;0;0;1
12:04:28.485792;0;0;0;0;0;0;1
12:04:28.485792;0;0;0;0;0;0;1
12:04:28.486793;0;0;0;0;0;0;1
12:04:28.487792;0;0;0;0;0;0;1
12:04:28.499792;0;0;0;0;0;0;1
12:04:28.499792;0;0;0;0;0;0;1
12:04:28.511792;0;0;0;0;0;0;1
12:04:28.512793;0;0;0;0;0;0;1
12:04:28.512793;0;0;0;0;0;0;1
12:04:28.525369;0;0;0;0;0;0;1
12:04:28.526394;0;0;0;0;0;0;1
12:04:28.527370;0;0;0;0;0;0;1
12:04:28.538369;0;0;0;0;0;0;1
12:04:28.539370;0;0;0;0;0;0;1
12:04:28.553370;0;0;0;0;0;0;1
12:04:28.554370;0;0;0;0;0;0;1
12:04:28.554370;0;0;0;0;0;0;1
12:04:28.569369;0;0;0;0;0;0;1
12:04:28.570390;0;0;0;0;0;0;1
12:04:28.570390;0;0;0;0;0;0;1
12:04:28.581369;0;0;0;0;0;0;1
12:04:28.582089;0;0;0;0;0;0;1
12:04:28.583085;0;0;0;0;0;0;1
12:04:28.596088;0;0;0;0;0;0;1
12:04:28.597085;0;0;0;0;0;0;1
12:04:28.598088;0;0;0;0;0;0;1
12:04:28.608087;0;0;0;0;0;0;1
12:04:28.609112;0;0;0;0;0;0;1
12:04:28.622047;0;0;0;0;0;0;1
12:04:28.623047;0;0;0;0;0;0;1
12:04:28.624046;0;0;0;0;0;0;1
12:04:28.637048;0;0;0;0;0;0;1
12:04:28.638047;0;0;0;0;0;0;1
12:04:28.639046;0;0;0;0;0;0;1
12:04:28.652046;0;0;0;0;0;0;1
12:04:28.652046;0;0;0;0;0;0;1
12:04:28.653047;0;0;0;0;0;0;1
12:04:28.664047;0;0;0;0;0;0;1
12:04:28.664047;0;0;0;0;0;0;1
12:04:28.678049;0;0;0;0;0;0;1
12:04:28.679047;0;0;0;0;0;0;1
12:04:28.679047;0;0;0;0;0;0;1
12:04:28.694046;0;0;0;0;0;0;1
12:04:28.695072;0;0;0;0;0;0;1
12:04:28.695072;0;0;0;0;0;0;1
12:04:28.706050;0;0;0;0;0;0;1
12:04:28.707048;0;0;0;0;0;0;1
12:04:28.707048;0;0;0;0;0;0;1
12:04:28.721768;0;0;0;0;0;0;1
12:04:28.722767;0;0;0;0;0;0;1
12:04:28.723473;0;0;0;0;0;0;1
12:04:28.735095;0;0;0;0;0;0;1
12:04:28.736092;0;0;0;0;0;0;1
12:04:28.737093;0;0;0;0;0;0;1
12:04:28.747862;0;0;0;0;0;0;1
12:04:28.747862;0;0;0;0;0;0;1
12:04:28.762862;0;0;0;0;0;0;1
12:04:28.762862;0;0;0;0;0;0;1
12:04:28.763862;0;0;0;0;0;0;1
12:04:28.774864;0;0;0;0;0;0;1
12:04:28.775886;0;0;0;0;0;0;1
12:04:28.776864;0;0;0;0;0;0;1
12:04:28.789862;0;0;0;0;0;0;1
12:04:28.789862;0;0;0;0;0;0;1
12:04:28.803862;0;0;0;0;0;0;1
12:04:28.804861;0;0;0;0;0;0;1
12:04:28.804861;0;0;0;0;0;0;1
12:04:28.818862;0;0;0;0;0;0;1
12:04:28.819861;0;0;0;0;0;0;1
12:04:28.819861;0;0;0;0;0;0;1
12:04:28.830861;0;0;0;0;0;0;1
12:04:28.831863;0;0;0;0;0;0;1
12:04:28.832418;0;0;0;0;0;0;1
12:04:28.844409;0;0;0;0;0;0;1
12:04:28.845408;0;0;0;0;0;0;1
12:04:28.858410;0;0;0;0;0;0;1
12:04:28.859408;0;0;0;0;0;0;1
12:04:28.860410;0;0;0;0;0;0;1
12:04:28.874410;0;0;0;0;0;0;1
12:04:28.875409;0;0;0;0;0;0;1
12:04:28.875409;0;0;0;0;0;0;1
12:04:28.886409;0;0;0;0;0;0;1
12:04:28.887435;0;0;0;0;0;0;1
12:04:28.888434;0;0;0;0;0;0;1
12:04:28.901409;0;0;0;0;0;0;1
12:04:28.902429;0;0;0;0;0;0;1
12:04:28.903409;0;0;0;0;0;0;1
12:04:28.913409;0;0;0;0;0;0;1
12:04:28.914411;0;0;0;0;0;0;1
12:04:28.928409;0;0;0;0;0;0;1
12:04:28.929409;0;0;0;0;0;0;1
12:04:28.929409;0;0;0;0;0;0;1
12:04:28.943409;0;0;0;0;0;0;1
12:04:28.944433;0;0;0;0;0;0;1
12:04:28.945409;0;0;0;0;0;0;1
12:04:28.956408;0;0;0;0;0;0;1
12:04:28.957409;0;0;0;0;0;0;1
12:04:28.957409;0;0;0;0;0;0;1
12:04:28.971967;0;0;0;0;0;0;1
12:04:28.971967;0;0;0;0;0;0;1
12:04:28.972966;0;0;0;0;0;0;1
12:04:28.983966;0;0;0;0;0;0;1
12:04:28.983966;0;0;0;0;0;0;1
12:04:28.997966;0;0;0;0;0;0;1
12:04:28.998993;0;0;0;0;0;0;1
12:04:28.999966;0;0;0;0;0;0;1
12:04:29.012968;0;0;0;0;0;0;1
12:04:29.013966;0;0;0;0;0;0;1
12:04:29.013966;0;0;0;0;0;0;1
12:04:29.025635;0;0;0;0;0;0;1
12:04:29.025635;0;0;0;0;0;0;1
12:04:29.026635;0;0;0;0;0;0;1
12:04:29.039624;0;0;0;0;0;0;1
12:04:29.040625;0;0;0;0;0;0;1
12:04:29.041624;0;0;0;0;0;0;1
12:04:29.055493;0;0;0;0;0;0;1
12:04:29.055493;0;0;0;0;0;0;1
12:04:29.056493;0;0;0;0;0;0;1
12:04:29.066316;0;0;0;0;0;0;1
12:04:29.067340;0;0;0;0;0;0;1
12:04:29.080364;0;0;0;0;0;0;1
12:04:29.081386;0;0;0;0;0;0;1
12:04:29.082166;0;0;0;0;0;0;1
12:04:29.096015;0;0;0;0;0;0;1
12:04:29.097013;0;0;0;0;0;0;1
12:04:29.097013;0;0;0;0;0;0;1
12:04:29.109016;0;0;0;0;0;0;1
12:04:29.109016;0;0;0;0;0;0;1
12:04:29.123015;0;0;0;0;0;0;1
12:04:29.123015;0;0;0;0;0;0;1
12:04:29.124016;0;0;0;0;0;0;1
12:04:29.141013;0;0;0;0;0;0;1
12:04:29.142015;0;0;0;0;0;0;1
12:04:29.142015;0;0;0;0;0;0;1
12:04:29.143038;0;0;0;0;0;0;1
12:04:29.151016;0;0;0;0;0;0;1
12:04:29.152509;0;0;0;0;0;0;1
12:04:29.167506;0;0;0;0;0;0;1
12:04:29.168507;0;0;0;0;0;0;1
12:04:29.169507;0;0;0;0;0;0;1
12:04:29.179102;0;0;0;0;0;0;1
12:04:29.180127;0;0;0;0;0;0;1
12:04:29.194055;0;0;0;0;0;0;1
12:04:29.195055;0;0;0;0;0;0;1
12:04:29.196057;0;0;0;0;0;0;1
12:04:29.205055;0;0;0;0;0;0;1
12:04:29.206057;0;0;0;0;0;0;1
12:04:29.207055;0;0;0;0;0;0;1
12:04:29.224057;0;0;0;0;0;0;1
12:04:29.225056;0;0;0;0;0;0;1
12:04:29.225056;0;0;0;0;0;0;1
12:04:29.233055;0;0;0;0;0;0;1
12:04:29.234081;0;0;0;0;0;0;1
12:04:29.247076;0;0;0;0;0;0;1
12:04:29.248056;0;0;0;0;0;0;1
12:04:29.249055;0;0;0;0;0;0;1
12:04:29.262060;0;0;0;0;0;0;1
12:04:29.263063;0;0;0;0;0;0;1
12:04:29.264060;0;0;0;0;0;0;1
12:04:29.277060;0;0;0;0;0;0;1
12:04:29.278061;0;0;0;0;0;0;1
12:04:29.278061;0;0;0;0;0;0;1
12:04:29.290061;0;0;0;0;0;0;1
12:04:29.290061;0;0;0;0;0;0;1
12:04:29.304202;0;0;0;0;0;0;1
12:04:29.304202;0;0;0;0;0;0;1
12:04:29.305199;0;0;0;0;0;0;1
12:04:29.319200;0;0;0;0;0;0;1
12:04:29.320202;0;0;0;0;0;0;1
12:04:29.320202;0;0;0;0;0;0;1
12:04:29.331200;0;0;0;0;0;0;1
12:04:29.331200;0;0;0;0;0;0;1
12:04:29.332316;0;0;0;0;0;0;1
12:04:29.346470;0;0;0;0;0;0;1
12:04:29.346470;0;0;0;0;0;0;1
12:04:29.347470;0;0;0;0;0;0;1
12:04:29.358015;0;0;0;0;0;0;1
12:04:29.359015;0;0;0;0;0;0;1
12:04:29.373099;0;0;0;0;0;0;1
12:04:29.374124;0;0;0;0;0;0;1
12:04:29.375098;0;0;0;0;0;0;1
12:04:29.388098;0;0;0;0;0;0;1
12:04:29.389119;0;0;0;0;0;0;1
12:04:29.390099;0;0;0;0;0;0;1
12:04:29.400098;0;0;0;0;0;0;1
12:04:29.401100;0;0;0;0;0;0;1
12:04:29.402487;0;0;0;0;0;0;1
12:04:29.415995;0;0;0;0;0;0;1
12:04:29.416996;0;0;0;0;0;0;1
12:04:29.416996;0;0;0;0;0;0;1
12:04:29.427997;0;0;0;0;0;0;1
12:04:29.429012;0;0;0;0;0;0;1
12:04:29.442992;0;0;0;0;0;0;1
12:04:29.443993;0;0;0;0;0;0;1
12:04:29.443993;0;0;0;0;0;0;1
12:04:29.457991;0;0;0;0;0;0;1
12:04:29.459012;0;0;0;0;0;0;1
12:04:29.459012;0;0;0;0;0;0;1
12:04:29.469991;0;0;0;0;0;0;1
12:04:29.470993;0;0;0;0;0;0;1
12:04:29.471992;0;0;0;0;0;0;1
12:04:29.484992;0;0;0;0;0;0;1
12:04:29.485990;0;0;0;0;0;0;1
12:04:29.485990;0;0;0;0;0;0;1
12:04:29.496994;0;0;0;0;0;0;1
12:04:29.497991;0;0;0;0;0;0;1
12:04:29.511992;0;0;0;0;0;0;1
12:04:29.512992;0;0;0;0;0;0;1
12:04:29.512992;0;0;0;0;0;0;1
12:04:29.526693;0;0;0;0;0;0;1
12:04:29.527713;0;0;0;0;0;0;1
12:04:29.528694;0;0;0;0;0;0;1
12:04:29.539716;0;0;0;0;0;0;1
12:04:29.539716;0;0;0;0;0;0;1
12:04:29.552693;0;0;0;0;0;0;1
12:04:29.553694;0;0;0;0;0;0;1
12:04:29.554693;0;0;0;0;0;0;1
12:04:29.568693;0;0;0;0;0;0;1
12:04:29.569692;0;0;0;0;0;0;1
12:04:29.569692;0;0;0;0;0;0;1
12:04:29.580723;0;0;0;0;0;0;1
12:04:29.581695;0;0;0;0;0;0;1
12:04:29.582694;0;0;0;0;0;0;1
12:04:29.594693;0;0;0;0;0;0;1
12:04:29.595694;0;0;0;0;0;0;1
12:04:29.608694;0;0;0;0;0;0;1
12:04:29.609693;0;0;0;0;0;0;1
12:04:29.610692;0;0;0;0;0;0;1
12:04:29.624693;0;0;0;0;0;0;1
12:04:29.625693;0;0;0;0;0;0;1
12:04:29.625693;0;0;0;0;0;0;1
12:04:29.636619;0;0;0;0;0;0;1
12:04:29.637620;0;0;0;0;0;0;1
12:04:29.637620;0;0;0;0;0;0;1
12:04:29.650619;0;0;0;0;0;0;1
12:04:29.651619;0;0;0;0;0;0;1
12:04:29.652618;0;0;0;0;0;0;1
12:04:29.666135;0;0;0;0;0;0;1
12:04:29.667137;0;0;0;0;0;0;1
12:04:29.667137;0;0;0;0;0;0;1
12:04:29.679137;0;0;0;0;0;0;1
12:04:29.679137;0;0;0;0;0;0;1
12:04:29.693136;0;0;0;0;0;0;1
12:04:29.693136;0;0;0;0;0;0;1
12:04:29.694136;0;0;0;0;0;0;1
12:04:29.708138;0;0;0;0;0;0;1
12:04:29.709137;0;0;0;0;0;0;1
12:04:29.709921;0;0;0;0;0;0;1
12:04:29.720625;0;0;0;0;0;0;1
12:04:29.720625;0;0;0;0;0;0;1
12:04:29.721625;0;0;0;0;0;0;1
12:04:29.734624;0;0;0;0;0;0;1
12:04:29.735625;0;0;0;0;0;0;1
12:04:29.747624;0;0;0;0;0;0;1
12:04:29.749624;0;0;0;0;0;0;1
12:04:29.751625;0;0;0;0;0;0;1
12:04:29.762626;0;0;0;0;0;0;1
12:04:29.763623;0;0;0;0;0;0;1
12:04:29.763623;0;0;0;0;0;0;1
12:04:29.777624;0;0;0;0;0;0;1
12:04:29.777624;0;0;0;0;0;0;1
12:04:29.778625;0;0;0;0;0;0;1
12:04:29.789624;0;0;0;0;0;0;1
12:04:29.790624;0;0;0;0;0;0;1
12:04:29.803625;0;0;0;0;0;0;1
12:04:29.804624;0;0;0;0;0;0;1
12:04:29.805625;0;0;0;0;0;0;1
12:04:29.818624;0;0;0;0;0;0;1
12:04:29.819623;0;0;0;0;0;0;1
12:04:29.819623;0;0;0;0;0;0;1
12:04:29.832623;0;0;0;0;0;0;1
12:04:29.833625;0;0;0;0;0;0;1
12:04:29.834625;0;0;0;0;0;0;1
12:04:29.845625;0;0;0;0;0;0;1
12:04:29.845625;0;0;0;0;0;0;1
12:04:29.846624;0;0;0;0;0;0;1
12:04:29.860624;0;0;0;0;0;0;1
12:04:29.861624;0;0;0;0;0;0;1
12:04:29.861624;0;0;0;0;0;0;1
12:04:29.872625;0;0;0;0;0;0;1
12:04:29.872625;0;0;0;0;0;0;1
12:04:29.886624;0;0;0;0;0;0;1
12:04:29.886624;0;0;0;0;0;0;1
12:04:29.887625;0;0;0;0;0;0;1
12:04:29.900624;0;0;0;0;0;0;1
12:04:29.901625;0;0;0;0;0;0;1
12:04:29.902626;0;0;0;0;0;0;1
12:04:29.916623;0;0;0;0;0;0;1
12:04:29.916623;0;0;0;0;0;0;1
12:04:29.917623;0;0;0;0;0;0;1
12:04:29.926626;0;0;0;0;0;0;1
12:04:29.927626;0;0;0;0;0;0;1
12:04:29.944623;0;0;0;0;0;0;1
12:04:29.945624;0;0;0;0;0;0;1
12:04:29.946624;0;0;0;0;0;0;1
12:04:29.946624;0;0;0;0;0;0;1
12:04:29.956625;0;0;0;0;0;0;1
12:04:29.957626;0;0;0;0;0;0;1
12:04:29.970186;0;0;0;0;0;0;1
12:04:29.971186;0;0;0;0;0;0;1
12:04:29.972186;0;0;0;0;0;0;1
12:04:29.984186;0;0;0;0;0;0;1
12:04:29.985187;0;0;0;0;0;0;1
12:04:29.998187;0;0;0;0;0;0;1
12:04:29.998187;0;0;0;0;0;0;1
12:04:29.999186;0;0;0;0;0;0;1
12:04:30.012187;0;0;0;0;0;0;1
12:04:30.013186;0;0;0;0;0;0;1
12:04:30.013186;0;0;0;0;0;0;1
12:04:30.027187;0;0;0;0;0;0;1
12:04:30.027187;0;0;0;0;0;0;1
12:04:30.028187;0;0;0;0;0;0;1
12:04:30.039186;0;0;0;0;0;0;1
12:04:30.040186;0;0;0;0;0;0;1
12:04:30.054236;0;0;0;0;0;0;1
12:04:30.055186;0;0;0;0;0;0;1
12:04:30.056208;0;0;0;0;0;0;1
12:04:30.068186;0;0;0;0;0;0;1
12:04:30.069187;0;0;0;0;0;0;1
12:04:30.069187;0;0;0;0;0;0;1
12:04:30.082944;0;0;0;0;0;0;1
12:04:30.082944;0;0;0;0;0;0;1
12:04:30.083962;0;0;0;0;0;0;1
12:04:30.094943;0;0;0;0;0;0;1
12:04:30.095940;0;0;0;0;0;0;1
12:04:30.108002;0;0;0;0;0;0;1
12:04:30.109002;0;0;0;0;0;0;1
12:04:30.110001;0;0;0;0;0;0;1
12:04:30.122017;0;0;0;0;0;0;1
12:04:30.123022;0;0;0;0;0;0;1
12:04:30.129002;0;0;0;0;0;0;1
12:04:30.133003;0;0;0;0;0;0;1
12:04:30.134023;0;0;0;0;0;0;1
12:04:30.150004;0;0;0;0;0;0;1
12:04:30.151003;0;0;0;0;0;0;1
12:04:30.152003;0;0;0;0;0;0;1
12:04:30.153002;0;0;0;0;0;0;1
12:04:30.165003;0;0;0;0;0;0;1
12:04:30.166028;0;0;0;0;0;0;1
12:04:30.177003;0;0;0;0;0;0;1
12:04:30.178003;0;0;0;0;0;0;1
12:04:30.179003;0;0;0;0;0;0;1
12:04:30.193002;0;0;0;0;0;0;1
12:04:30.194003;0;0;0;0;0;0;1
12:04:30.194003;0;0;0;0;0;0;1
12:04:30.206003;0;0;0;0;0;0;1
12:04:30.207013;0;0;0;0;0;0;1
12:04:30.208027;0;0;0;0;0;0;1
12:04:30.222003;0;0;0;0;0;0;1
12:04:30.223003;0;0;0;0;0;0;1
12:04:30.223003;0;0;0;0;0;0;1
12:04:30.235002;0;0;0;0;0;0;1
12:04:30.236004;0;0;0;0;0;0;1
12:04:30.248002;0;0;0;0;0;0;1
12:04:30.249027;0;0;0;0;0;0;1
12:04:30.250003;0;0;0;0;0;0;1
12:04:30.263003;0;0;0;0;0;0;1
12:04:30.264003;0;0;0;0;0;0;1
12:04:30.265022;0;0;0;0;0;0;1
12:04:30.275003;0;0;0;0;0;0;1
12:04:30.276003;0;0;0;0;0;0;1
12:04:30.290002;0;0;0;0;0;0;1
12:04:30.291003;0;0;0;0;0;0;1
12:04:30.292003;0;0;0;0;0;0;1
12:04:30.305002;0;0;0;0;0;0;1
12:04:30.306003;0;0;0;0;0;0;1
12:04:30.307002;0;0;0;0;0;0;1
12:04:30.307002;0;0;0;0;0;0;1
12:04:30.319003;0;0;0;0;0;0;1
12:04:30.319003;0;0;0;0;0;0;1
12:04:30.332002;0;0;0;0;0;0;1
12:04:30.333002;0;0;0;0;0;0;1
12:04:30.333002;0;0;0;0;0;0;1
12:04:30.345003;0;0;0;0;0;0;1
12:04:30.346002;0;0;0;0;0;0;1
12:04:30.361002;0;0;0;0;0;0;1
12:04:30.362003;0;0;0;0;0;0;1
12:04:30.362003;0;0;0;0;0;0;1
12:04:30.363002;0;0;0;0;0;0;1
12:04:30.375002;0;0;0;0;0;0;1
12:04:30.375002;0;0;0;0;0;0;1
12:04:30.386002;0;0;0;0;0;0;1
12:04:30.387002;0;0;0;0;0;0;1
12:04:30.388003;0;0;0;0;0;0;1
12:04:30.401001;0;0;0;0;0;0;1
12:04:30.402002;0;0;0;0;0;0;1
12:04:30.402002;0;0;0;0;0;0;1
12:04:30.416002;0;0;0;0;0;0;1
12:04:30.417002;0;0;0;0;0;0;1
12:04:30.417002;0;0;0;0;0;0;1
12:04:30.429003;0;0;0;0;0;0;1
12:04:30.430003;0;0;0;0;0;0;1
12:04:30.444002;0;0;0;0;0;0;1
12:04:30.445002;0;0;0;0;0;0;1
12:04:30.446002;0;0;0;0;0;0;1
12:04:30.457002;0;0;0;0;0;0;1
12:04:30.458002;0;0;0;0;0;0;1
12:04:30.459003;0;0;0;0;0;0;1
12:04:30.471003;0;0;0;0;0;0;1
12:04:30.472003;0;0;0;0;0;0;1
12:04:30.472003;0;0;0;0;0;0;1
12:04:30.483003;0;0;0;0;0;0;1
12:04:30.484003;0;0;0;0;0;0;1
12:04:30.498003;0;0;0;0;0;0;1
12:04:30.499002;0;0;0;0;0;0;1
12:04:30.500003;0;0;0;0;0;0;1
12:04:30.511002;0;0;0;0;0;0;1
12:04:30.512001;0;0;0;0;0;0;1
12:04:30.512001;0;0;0;0;0;0;1
12:04:30.525027;0;0;0;0;0;0;1
12:04:30.526026;0;0;0;0;0;0;1
12:04:30.527025;0;0;0;0;0;0;1
12:04:30.540026;0;0;0;0;0;0;1
12:04:30.541025;0;0;0;0;0;0;1
12:04:30.554027;0;0;0;0;0;0;1
12:04:30.555026;0;0;0;0;0;0;1
12:04:30.556025;0;0;0;0;0;0;1
12:04:30.569026;0;0;0;0;0;0;1
12:04:30.569026;0;0;0;0;0;0;1
12:04:30.570026;0;0;0;0;0;0;1
12:04:30.580027;0;0;0;0;0;0;1
12:04:30.581026;0;0;0;0;0;0;1
12:04:30.582026;0;0;0;0;0;0;1
12:04:30.596026;0;0;0;0;0;0;1
12:04:30.597026;0;0;0;0;0;0;1
12:04:30.598026;0;0;0;0;0;0;1
12:04:30.606026;0;0;0;0;0;0;1
12:04:30.606026;0;0;0;0;0;0;1
12:04:30.625026;0;0;0;0;0;0;1
12:04:30.625026;0;0;0;0;0;0;1
12:04:30.626025;0;0;0;0;0;0;1
12:04:31.370153;0;0;0;0;0;0;1
12:04:31.381151;0;0;0;0;0;0;1
12:04:31.382153;0;0;0;0;0;0;1
12:04:31.388153;0;0;0;0;0;0;1
12:04:31.397962;0;0;0;0;0;0;1
12:04:31.398152;0;0;0;0;0;0;1
12:04:31.411153;0;0;0;0;0;0;1
12:04:31.411153;0;0;0;0;0;0;1
12:04:31.412153;0;0;0;0;0;0;1
12:04:31.423153;0;0;0;0;0;0;1
12:04:31.424153;0;0;0;0;0;0;1
12:04:31.439152;0;0;0;0;0;0;1
12:04:31.439152;0;0;0;0;0;0;1
12:04:31.439152;0;0;0;0;0;0;1
12:04:31.452155;0;0;0;0;0;0;1
12:04:31.453154;0;0;0;0;0;0;1
12:04:31.453154;0;0;0;0;0;0;1
12:04:31.467153;0;0;0;0;0;0;1
12:04:31.468153;0;0;0;0;0;0;1
12:04:31.468153;0;0;0;0;0;0;1
12:04:31.480152;0;0;0;0;0;0;1
12:04:31.481153;0;0;0;0;0;0;1
12:04:31.481153;0;0;0;0;0;0;1
12:04:31.496154;0;0;0;0;0;0;1
12:04:31.497153;0;0;0;0;0;0;1
12:04:31.497153;0;0;0;0;0;0;1
12:04:31.507153;0;0;0;0;0;0;1
12:04:31.508153;0;0;0;0;0;0;1
12:04:31.524153;0;0;0;0;0;0;1
12:04:31.525153;0;0;0;0;0;0;1
12:04:31.525153;0;0;0;0;0;0;1
12:04:31.535153;0;0;0;0;0;0;1
12:04:31.535153;0;0;0;0;0;0;1
12:04:31.536153;0;0;0;0;0;0;1
12:04:31.553154;0;0;0;0;0;0;1
12:04:31.553154;0;0;0;0;0;0;1
12:04:31.554153;0;0;0;0;0;0;1
12:04:31.564153;0;0;0;0;0;0;1
12:04:31.564153;0;0;0;0;0;0;1
12:04:31.580153;0;0;0;0;0;0;1
12:04:31.581153;0;0;0;0;0;0;1
12:04:31.581153;0;0;0;0;0;0;1
12:04:31.581153;0;0;0;0;0;0;1
12:04:31.598152;0;0;0;0;0;0;1
12:04:31.599153;0;0;0;0;0;0;1
12:04:31.599153;0;0;0;0;0;0;1
12:04:31.607156;0;0;0;0;0;0;1
12:04:31.607156;0;0;0;0;0;0;1
12:04:31.625153;0;0;0;0;0;0;1
12:04:31.626153;0;0;0;0;0;0;1
12:04:31.626153;0;0;0;0;0;0;1
12:04:31.627153;0;0;0;0;0;0;1
12:04:31.636153;0;0;0;0;0;0;1
12:04:31.637153;0;0;0;0;0;0;1
12:04:31.653153;0;0;0;0;0;0;1
12:04:31.653153;0;0;0;0;0;0;1
12:04:31.654152;0;0;0;0;0;0;1
12:04:31.663153;0;0;0;0;0;0;1
12:04:31.663153;0;0;0;0;0;0;1
12:04:31.682153;0;0;0;0;0;0;1
12:04:31.683152;0;0;0;0;0;0;1
12:04:31.683152;0;0;0;0;0;0;1
12:04:31.684152;0;0;0;0;0;0;1
12:04:31.692155;0;0;0;0;0;0;1
12:04:31.692155;0;0;0;0;0;0;1
12:04:31.708152;0;0;0;0;0;0;1
12:04:31.708152;0;0;0;0;0;0;1
12:04:31.709152;0;0;0;0;0;0;1
12:04:31.721154;0;0;0;0;0;0;1
12:04:31.722153;0;0;0;0;0;0;1
12:04:31.722153;0;0;0;0;0;0;1
12:04:31.736152;0;0;0;0;0;0;1
12:04:31.736286;0;0;0;0;0;0;1
12:04:31.736286;0;0;0;0;0;0;1
12:04:31.749153;0;0;0;0;0;0;1
12:04:31.749153;0;0;0;0;0;0;1
12:04:31.762152;0;0;0;0;0;0;1
12:04:31.763153;0;0;0;0;0;0;1
12:04:31.763153;0;0;0;0;0;0;1
12:04:31.782666;0;0;0;0;0;0;1
12:04:31.782666;0;0;0;0;0;0;1
12:04:31.783666;0;0;0;0;0;0;1
12:04:31.783666;0;0;0;0;0;0;1
12:04:31.788666;0;0;0;0;0;0;1
12:04:31.803666;0;0;0;0;0;0;1
12:04:31.804667;0;0;0;0;0;0;1
12:04:31.804667;0;0;0;0;0;0;1
12:04:31.818666;0;0;0;0;0;0;1
12:04:31.819666;0;0;0;0;0;0;1
12:04:31.819666;0;0;0;0;0;0;1
12:04:31.835666;0;0;0;0;0;0;1
12:04:31.835666;0;0;0;0;0;0;1
12:04:31.836666;0;0;0;0;0;0;1
12:04:31.836666;0;0;0;0;0;0;1
12:04:31.845666;0;0;0;0;0;0;1
12:04:31.846665;0;0;0;0;0;0;1
12:04:31.858666;0;0;0;0;0;0;1
12:04:31.858666;0;0;0;0;0;0;1
12:04:31.872665;0;0;0;0;0;0;1
12:04:31.873665;0;0;0;0;0;0;1
12:04:31.873665;0;0;0;0;0;0;1
12:04:31.885666;0;0;0;0;0;0;1
12:04:31.886666;0;0;0;0;0;0;1
12:04:31.886666;0;0;0;0;0;0;1
12:04:31.901667;0;0;0;0;0;0;1
12:04:31.901667;0;0;0;0;0;0;1
12:04:31.901667;0;0;0;0;0;0;1
12:04:31.913666;0;0;0;0;0;0;1
12:04:31.914666;0;0;0;0;0;0;1
12:04:31.927665;0;0;0;0;0;0;1
12:04:31.928666;0;0;0;0;0;0;1
12:04:31.928666;0;0;0;0;0;0;1
12:04:31.946664;0;0;0;0;0;0;1
12:04:31.947665;0;0;0;0;0;0;1
12:04:31.947665;0;0;0;0;0;0;1
12:04:31.956666;0;0;0;0;0;0;1
12:04:31.957665;0;0;0;0;0;0;1
12:04:31.957665;0;0;0;0;0;0;1
12:04:31.969666;0;0;0;0;0;0;1
12:04:31.969666;0;0;0;0;0;0;1
12:04:31.984665;0;0;0;0;0;0;1
12:04:31.984665;0;0;0;0;0;0;1
12:04:31.985665;0;0;0;0;0;0;1
12:04:31.999665;0;0;0;0;0;0;1
12:04:31.999665;0;0;0;0;0;0;1
12:04:32.000665;0;0;0;0;0;0;1
12:04:32.011666;0;0;0;0;0;0;1
12:04:32.011666;0;0;0;0;0;0;1
12:04:32.011666;0;0;0;0;0;0;1
12:04:32.024665;0;0;0;0;0;0;1
12:04:32.024665;0;0;0;0;0;0;1
12:04:32.039666;0;0;0;0;0;0;1
12:04:32.039666;0;0;0;0;0;0;1
12:04:32.039666;0;0;0;0;0;0;1
12:04:32.054665;0;0;0;0;0;0;1
12:04:32.055665;0;0;0;0;0;0;1
12:04:32.055665;0;0;0;0;0;0;1
12:04:32.055665;0;0;0;0;0;0;1
12:04:32.065666;0;0;0;0;0;0;1
12:04:32.066665;0;0;0;0;0;0;1
12:04:32.080665;0;0;0;0;0;0;1
12:04:32.080665;0;0;0;0;0;0;1
12:04:32.081665;0;0;0;0;0;0;1
12:04:32.094666;0;0;0;0;0;0;1
12:04:32.095666;0;0;0;0;0;0;1
12:04:32.095666;0;0;0;0;0;0;1
12:04:32.110666;0;0;0;0;0;0;1
12:04:32.110666;0;0;0;0;0;0;1
12:04:32.110666;0;0;0;0;0;0;1
12:04:32.122665;0;0;0;0;0;0;1
12:04:32.122665;0;0;0;0;0;0;1
12:04:32.136665;0;0;0;0;0;0;1
12:04:32.136665;0;0;0;0;0;0;1
12:04:32.137666;0;0;0;0;0;0;1
12:04:32.152665;0;0;0;0;0;0;1
12:04:32.152665;0;0;0;0;0;0;1
12:04:32.153665;0;0;0;0;0;0;1
12:04:32.165667;0;0;0;0;0;0;1
12:04:32.166665;0;0;0;0;0;0;1
12:04:32.166665;0;0;0;0;0;0;1
12:04:32.177666;0;0;0;0;0;0;1
12:04:32.178665;0;0;0;0;0;0;1
12:04:32.191665;0;0;0;0;0;0;1
12:04:32.191665;0;0;0;0;0;0;1
12:04:32.192665;0;0;0;0;0;0;1
12:04:32.205667;0;0;0;0;0;0;1
12:04:32.206665;0;0;0;0;0;0;1
12:04:32.206665;0;0;0;0;0;0;1
12:04:32.219665;0;0;0;0;0;0;1
12:04:32.220665;0;0;0;0;0;0;1
12:04:32.220665;0;0;0;0;0;0;1
12:04:32.235667;0;0;0;0;0;0;1
12:04:32.235667;0;0;0;0;0;0;1
12:04:32.236666;0;0;0;0;0;0;1
12:04:32.248667;0;0;0;0;0;0;1
12:04:32.248667;0;0;0;0;0;0;1
12:04:32.260666;0;0;0;0;0;0;1
12:04:32.261666;0;0;0;0;0;0;1
12:04:32.261666;0;0;0;0;0;0;1
12:04:32.276665;0;0;0;0;0;0;1
12:04:32.276665;0;0;0;0;0;0;1
12:04:32.277666;0;0;0;0;0;0;1
12:04:32.288666;0;0;0;0;0;0;1
12:04:32.288666;0;0;0;0;0;0;1
12:04:32.303666;0;0;0;0;0;0;1
12:04:32.303666;0;0;0;0;0;0;1
12:04:32.304665;0;0;0;0;0;0;1
12:04:32.317666;0;0;0;0;0;0;1
12:04:32.318666;0;0;0;0;0;0;1
12:04:32.318666;0;0;0;0;0;0;1
12:04:32.329666;0;0;0;0;0;0;1
12:04:32.330666;0;0;0;0;0;0;1
12:04:32.330666;0;0;0;0;0;0;1
12:04:32.345666;0;0;0;0;0;0;1
12:04:32.346665;0;0;0;0;0;0;1
12:04:32.346665;0;0;0;0;0;0;1
12:04:32.370666;0;0;0;0;0;0;1
12:04:32.371665;0;0;0;0;0;0;1
12:04:32.371665;0;0;0;0;0;0;1
12:04:32.372665;0;0;0;0;0;0;1
12:04:32.372665;0;0;0;0;0;0;1
12:04:32.378667;0;0;0;0;0;0;1
12:04:32.389666;0;0;0;0;0;0;1
12:04:32.389666;0;0;0;0;0;0;1
12:04:32.405666;0;0;0;0;0;0;1
12:04:32.406665;0;0;0;0;0;0;1
12:04:32.406665;0;0;0;0;0;0;1
12:04:32.410667;0;0;0;0;0;0;1
12:04:32.414665;0;0;0;0;0;0;1
12:04:32.415666;0;0;0;0;0;0;1
12:04:32.432666;0;0;0;0;0;0;1
12:04:32.433665;0;0;0;0;0;0;1
12:04:32.433665;0;0;0;0;0;0;1
12:04:32.446666;0;0;0;0;0;0;1
12:04:32.446666;0;0;0;0;0;0;1
12:04:32.446666;0;0;0;0;0;0;1
12:04:32.461665;0;0;0;0;0;0;1
12:04:32.461665;0;0;0;0;0;0;1
12:04:32.462665;0;0;0;0;0;0;1
12:04:32.475667;0;0;0;0;0;0;1
12:04:32.476666;0;0;0;0;0;0;1
12:04:32.476666;0;0;0;0;0;0;1
12:04:32.488666;0;0;0;0;0;0;1
12:04:32.488666;0;0;0;0;0;0;1
12:04:32.502666;0;0;0;0;0;0;1
12:04:32.503667;0;0;0;0;0;0;1
12:04:32.503667;0;0;0;0;0;0;1
12:04:32.514665;0;0;0;0;0;0;1
12:04:32.514665;0;0;0;0;0;0;1
12:04:32.528666;0;0;0;0;0;0;1
12:04:32.528666;0;0;0;0;0;0;1
12:04:32.529665;0;0;0;0;0;0;1
12:04:32.552665;0;0;0;0;0;0;1
12:04:32.552665;0;0;0;0;0;0;1
12:04:32.552665;0;0;0;0;0;0;1
12:04:32.553666;0;0;0;0;0;0;1
12:04:32.553666;0;0;0;0;0;0;1
12:04:32.558666;0;0;0;0;0;0;1
12:04:32.571666;0;0;0;0;0;0;1
12:04:32.572665;0;0;0;0;0;0;1
12:04:32.572665;0;0;0;0;0;0;1
12:04:32.584666;0;0;0;0;0;0;1
12:04:32.584666;0;0;0;0;0;0;1
12:04:32.600666;0;0;0;0;0;0;1
12:04:32.600666;0;0;0;0;0;0;1
12:04:32.601665;0;0;0;0;0;0;1
12:04:32.601665;0;0;0;0;0;0;1
12:04:32.612666;0;0;0;0;0;0;1
12:04:32.613665;0;0;0;0;0;0;1
12:04:32.628665;0;0;0;0;0;0;1
12:04:32.629665;0;0;0;0;0;0;1
12:04:32.629665;0;0;0;0;0;0;1
12:04:32.642666;0;0;0;0;0;0;1
12:04:32.642666;0;0;0;0;0;0;1
12:04:32.643665;0;0;0;0;0;0;1
12:04:32.653665;0;0;0;0;0;0;1
12:04:32.653665;0;0;0;0;0;0;1
12:04:32.670205;0;0;0;0;0;0;1
12:04:32.671206;0;0;0;0;0;0;1
12:04:32.671206;0;0;0;0;0;0;1
12:04:32.672205;0;0;0;0;0;0;1
12:04:32.690206;0;0;0;0;0;0;1
12:04:32.691206;0;0;0;0;0;0;1
12:04:32.691206;0;0;0;0;0;0;1
12:04:32.691206;0;0;0;0;0;0;1
12:04:32.705205;0;0;0;0;0;0;1
12:04:32.705205;0;0;0;0;0;0;1
12:04:32.706205;0;0;0;0;0;0;1
12:04:32.720205;0;0;0;0;0;0;1
12:04:32.720205;0;0;0;0;0;0;1
12:04:32.721205;0;0;0;0;0;0;1
12:04:32.730205;0;0;0;0;0;0;1
12:04:32.730205;0;0;0;0;0;0;1
12:04:32.747207;0;0;0;0;0;0;1
12:04:32.747207;0;0;0;0;0;0;1
12:04:32.748206;0;0;0;0;0;0;1
12:04:32.761205;0;0;0;0;0;0;1
12:04:32.762205;0;0;0;0;0;0;1
12:04:32.762205;0;0;0;0;0;0;1
12:04:32.775208;0;0;0;0;0;0;1
12:04:32.776207;0;0;0;0;0;0;1
12:04:32.776207;0;0;0;0;0;0;1
12:04:32.786207;0;0;0;0;0;0;1
12:04:32.787205;0;0;0;0;0;0;1
12:04:32.800205;0;0;0;0;0;0;1
12:04:32.801205;0;0;0;0;0;0;1
12:04:32.801205;0;0;0;0;0;0;1
12:04:32.841205;0;0;0;0;0;0;1
12:04:32.842205;0;0;0;0;0;0;1
12:04:32.842205;0;0;0;0;0;0;1
12:04:32.842205;0;0;0;0;0;0;1
12:04:32.843205;0;0;0;0;0;0;1
12:04:32.843205;0;0;0;0;0;0;1
12:04:32.844205;0;0;0;0;0;0;1
12:04:32.844205;0;0;0;0;0;0;1
12:04:32.849206;0;0;0;0;0;0;1
12:04:32.859206;0;0;0;0;0;0;1
12:04:32.860206;0;0;0;0;0;0;1
12:04:32.873205;0;0;0;0;0;0;1
12:04:32.873205;0;0;0;0;0;0;1
12:04:32.874205;0;0;0;0;0;0;1
12:04:32.887206;0;0;0;0;0;0;1
12:04:32.887206;0;0;0;0;0;0;1
12:04:32.888205;0;0;0;0;0;0;1
12:04:32.905205;0;0;0;0;0;0;1
12:04:32.905205;0;0;0;0;0;0;1
12:04:32.906205;0;0;0;0;0;0;1
12:04:32.916205;0;0;0;0;0;0;1
12:04:32.916205;0;0;0;0;0;0;1
12:04:32.917205;0;0;0;0;0;0;1
12:04:32.931206;0;0;0;0;0;0;1
12:04:32.932205;0;0;0;0;0;0;1
12:04:32.932205;0;0;0;0;0;0;1
12:04:32.942205;0;0;0;0;0;0;1
12:04:32.942205;0;0;0;0;0;0;1
12:04:32.959760;0;0;0;0;0;0;1
12:04:32.959760;0;0;0;0;0;0;1
12:04:32.960759;0;0;0;0;0;0;1
12:04:32.960759;0;0;0;0;0;0;1
12:04:32.970760;0;0;0;0;0;0;1
12:04:32.970760;0;0;0;0;0;0;1
12:04:32.986760;0;0;0;0;0;0;1
12:04:32.987760;0;0;0;0;0;0;1
12:04:32.987760;0;0;0;0;0;0;1
12:04:33.000760;0;0;0;0;0;0;1
12:04:33.000760;0;0;0;0;0;0;1
12:04:33.000760;0;0;0;0;0;0;1
12:04:33.013760;0;0;0;0;0;0;1
12:04:33.013760;0;0;0;0;0;0;1
12:04:33.026760;0;0;0;0;0;0;1
12:04:33.027759;0;0;0;0;0;0;1
12:04:33.027759;0;0;0;0;0;0;1
12:04:33.039759;0;0;0;0;0;0;1
12:04:33.039759;0;0;0;0;0;0;1
12:04:33.054759;0;0;0;0;0;0;1
12:04:33.054759;0;0;0;0;0;0;1
12:04:33.055759;0;0;0;0;0;0;1
12:04:33.055759;0;0;0;0;0;0;1
12:04:33.066760;0;0;0;0;0;0;1
12:04:33.066760;0;0;0;0;0;0;1
12:04:33.094760;0;0;0;0;0;0;1
12:04:33.094760;0;0;0;0;0;0;1
12:04:33.095759;0;0;0;0;0;0;1
12:04:33.095759;0;0;0;0;0;0;1
12:04:33.095759;0;0;0;0;0;0;1
12:04:33.100760;0;0;0;0;0;0;1
12:04:33.100760;0;0;0;0;0;0;1
12:04:33.116760;0;0;0;0;0;0;1
12:04:33.116760;0;0;0;0;0;0;1
12:04:33.117758;0;0;0;0;0;0;1
12:04:33.142760;0;0;0;0;0;0;1
12:04:33.143759;0;0;0;0;0;0;1
12:04:33.143759;0;0;0;0;0;0;1
12:04:33.143759;0;0;0;0;0;0;1
12:04:33.144758;0;0;0;0;0;0;1
12:04:33.154759;0;0;0;0;0;0;1
12:04:33.155760;0;0;0;0;0;0;1
12:04:33.155760;0;0;0;0;0;0;1
12:04:33.168760;0;0;0;0;0;0;1
12:04:33.169759;0;0;0;0;0;0;1
12:04:33.183760;0;0;0;0;0;0;1
12:04:33.184760;0;0;0;0;0;0;1
12:04:33.184760;0;0;0;0;0;0;1
12:04:33.198759;0;0;0;0;0;0;1
12:04:33.199761;0;0;0;0;0;0;1
12:04:33.199761;0;0;0;0;0;0;1
12:04:33.209760;0;0;0;0;0;0;1
12:04:33.209760;0;0;0;0;0;0;1
12:04:33.210758;0;0;0;0;0;0;1
12:04:33.225759;0;0;0;0;0;0;1
12:04:33.225759;0;0;0;0;0;0;1
12:04:33.225759;0;0;0;0;0;0;1
12:04:33.238759;0;0;0;0;0;0;1
12:04:33.238759;0;0;0;0;0;0;1
12:04:33.251760;0;0;0;0;0;0;1
12:04:33.252760;0;0;0;0;0;0;1
12:04:33.252760;0;0;0;0;0;0;1
12:04:33.265759;0;0;0;0;0;0;1
12:04:33.265759;0;0;0;0;0;0;1
12:04:33.266759;0;0;0;0;0;0;1
12:04:33.279760;0;0;0;0;0;0;1
12:04:33.280760;0;0;0;0;0;0;1
12:04:33.280760;0;0;0;0;0;0;1
12:04:33.293782;0;0;0;0;0;0;1
12:04:33.294782;0;0;0;0;0;0;1
12:04:33.311296;0;0;0;0;0;0;1
12:04:33.311296;0;0;0;0;0;0;1
12:04:33.312299;0;0;0;0;0;0;1
12:04:33.312299;0;0;0;0;0;0;1
12:04:33.321296;0;0;0;0;0;0;1
12:04:33.321296;0;0;0;0;0;0;1
12:04:33.335296;0;0;0;0;0;0;1
12:04:33.335296;0;0;0;0;0;0;1
12:04:33.336296;0;0;0;0;0;0;1
12:04:33.353295;0;0;0;0;0;0;1
12:04:33.353295;0;0;0;0;0;0;1
12:04:33.354297;0;0;0;0;0;0;1
12:04:33.363297;0;0;0;0;0;0;1
12:04:33.364295;0;0;0;0;0;0;1
12:04:33.377296;0;0;0;0;0;0;1
12:04:33.378296;0;0;0;0;0;0;1
12:04:33.378296;0;0;0;0;0;0;1
12:04:33.392296;0;0;0;0;0;0;1
12:04:33.392296;0;0;0;0;0;0;1
12:04:33.393296;0;0;0;0;0;0;1
12:04:33.407296;0;0;0;0;0;0;1
12:04:33.407296;0;0;0;0;0;0;1
12:04:33.408295;0;0;0;0;0;0;1
12:04:33.422296;0;0;0;0;0;0;1
12:04:33.423296;0;0;0;0;0;0;1
12:04:33.423296;0;0;0;0;0;0;1
12:04:33.434296;0;0;0;0;0;0;1
12:04:33.435296;0;0;0;0;0;0;1
12:04:33.449295;0;0;0;0;0;0;1
12:04:33.449295;0;0;0;0;0;0;1
12:04:33.449295;0;0;0;0;0;0;1
12:04:33.460296;0;0;0;0;0;0;1
12:04:33.460296;0;0;0;0;0;0;1
12:04:33.461295;0;0;0;0;0;0;1
12:04:33.476296;0;0;0;0;0;0;1
12:04:33.477295;0;0;0;0;0;0;1
12:04:33.477295;0;0;0;0;0;0;1
12:04:33.487296;0;0;0;0;0;0;1
12:04:33.488294;0;0;0;0;0;0;1
12:04:33.502295;0;0;0;0;0;0;1
12:04:33.502295;0;0;0;0;0;0;1
12:04:33.503295;0;0;0;0;0;0;1
12:04:33.518294;0;0;0;0;0;0;1
12:04:33.518294;0;0;0;0;0;0;1
12:04:33.519294;0;0;0;0;0;0;1
12:04:33.530296;0;0;0;0;0;0;1
12:04:33.531296;0;0;0;0;0;0;1
12:04:33.531296;0;0;0;0;0;0;1
12:04:33.546296;0;0;0;0;0;0;1
12:04:33.546296;0;0;0;0;0;0;1
12:04:33.547296;0;0;0;0;0;0;1
12:04:33.559295;0;0;0;0;0;0;1
12:04:33.560295;0;0;0;0;0;0;1
12:04:33.573296;0;0;0;0;0;0;1
12:04:33.574296;0;0;0;0;0;0;1
12:04:33.574296;0;0;0;0;0;0;1
12:04:33.586296;0;0;0;0;0;0;1
12:04:33.586296;0;0;0;0;0;0;1
12:04:33.587296;0;0;0;0;0;0;1
12:04:33.599296;0;0;0;0;0;0;1
12:04:33.599296;0;0;0;0;0;0;1
12:04:33.613297;0;0;0;0;0;0;1
12:04:33.613297;0;0;0;0;0;0;1
12:04:33.614296;0;0;0;0;0;0;1
12:04:33.627297;0;0;0;0;0;0;1
12:04:33.628296;0;0;0;0;0;0;1
12:04:33.628296;0;0;0;0;0;0;1
12:04:33.645296;0;0;0;0;0;0;1
12:04:33.645296;0;0;0;0;0;0;1
12:04:33.645296;0;0;0;0;0;0;1
12:04:33.646296;0;0;0;0;0;0;1
12:04:33.663296;0;0;0;0;0;0;1
12:04:33.663296;0;0;0;0;0;0;1
12:04:33.664296;0;0;0;0;0;0;1
12:04:33.668296;0;0;0;0;0;0;1
12:04:33.682295;0;0;0;0;0;0;1
12:04:33.682295;0;0;0;0;0;0;1
12:04:33.683296;0;0;0;0;0;0;1
12:04:33.697810;0;0;0;0;0;0;1
12:04:33.697810;0;0;0;0;0;0;1
12:04:33.698810;0;0;0;0;0;0;1
12:04:33.712810;0;0;0;0;0;0;1
12:04:33.713810;0;0;0;0;0;0;1
12:04:33.713810;0;0;0;0;0;0;1
12:04:33.725810;0;0;0;0;0;0;1
12:04:33.725810;0;0;0;0;0;0;1
12:04:33.726810;0;0;0;0;0;0;1
12:04:33.740810;0;0;0;0;0;0;1
12:04:33.741811;0;0;0;0;0;0;1
12:04:33.741811;0;0;0;0;0;0;1
12:04:33.758810;0;0;0;0;0;0;1
12:04:33.759811;0;0;0;0;0;0;1
12:04:33.759811;0;0;0;0;0;0;1
12:04:33.766810;0;0;0;0;0;0;1
12:04:33.766810;0;0;0;0;0;0;1
12:04:33.784327;0;0;0;0;0;0;1
12:04:33.785321;0;0;0;0;0;0;1
12:04:33.785321;0;0;0;0;0;0;1
12:04:33.786322;0;0;0;0;0;0;1
12:04:33.792324;0;0;0;0;0;0;1
12:04:33.809323;0;0;0;0;0;0;1
12:04:33.809323;0;0;0;0;0;0;1
12:04:33.810322;0;0;0;0;0;0;1
12:04:33.822325;0;0;0;0;0;0;1
12:04:33.822325;0;0;0;0;0;0;1
12:04:33.823325;0;0;0;0;0;0;1
12:04:33.837322;0;0;0;0;0;0;1
12:04:33.837322;0;0;0;0;0;0;1
12:04:33.838322;0;0;0;0;0;0;1
12:04:33.849323;0;0;0;0;0;0;1
12:04:33.849323;0;0;0;0;0;0;1
12:04:33.869322;0;0;0;0;0;0;1
12:04:33.869322;0;0;0;0;0;0;1
12:04:33.870322;0;0;0;0;0;0;1
12:04:33.870322;0;0;0;0;0;0;1
12:04:33.885322;0;0;0;0;0;0;1
12:04:33.886323;0;0;0;0;0;0;1
12:04:33.886323;0;0;0;0;0;0;1
12:04:33.887321;0;0;0;0;0;0;1
12:04:33.898323;0;0;0;0;0;0;1
12:04:33.898323;0;0;0;0;0;0;1
12:04:33.912322;0;0;0;0;0;0;1
12:04:33.913322;0;0;0;0;0;0;1
12:04:33.913322;0;0;0;0;0;0;1
12:04:33.924838;0;0;0;0;0;0;1
12:04:33.924838;0;0;0;0;0;0;1
12:04:33.925837;0;0;0;0;0;0;1
12:04:33.938836;0;0;0;0;0;0;1
12:04:33.940836;0;0;0;0;0;0;1
12:04:33.954836;0;0;0;0;0;0;1
12:04:33.955836;0;0;0;0;0;0;1
12:04:33.955836;0;0;0;0;0;0;1
12:04:33.955836;0;0;0;0;0;0;1
12:04:33.967837;0;0;0;0;0;0;1
12:04:33.967837;0;0;0;0;0;0;1
12:04:33.979836;0;0;0;0;0;0;1
12:04:33.979836;0;0;0;0;0;0;1
12:04:33.980835;0;0;0;0;0;0;1
12:04:33.994836;0;0;0;0;0;0;1
12:04:33.994836;0;0;0;0;0;0;1
12:04:34.009354;0;0;0;0;0;0;1
12:04:34.009354;0;0;0;0;0;0;1
12:04:34.009354;0;0;0;0;0;0;1
12:04:34.024864;0;0;0;0;0;0;1
12:04:34.024864;0;0;0;0;0;0;1
12:04:34.025863;0;0;0;0;0;0;1
12:04:34.036863;0;0;0;0;0;0;1
12:04:34.036863;0;0;0;0;0;0;1
12:04:34.037863;0;0;0;0;0;0;1
12:04:34.058864;0;0;0;0;0;0;1
12:04:34.058864;0;0;0;0;0;0;1
12:04:34.058864;0;0;0;0;0;0;1
12:04:34.059863;0;0;0;0;0;0;1
12:04:34.064864;0;0;0;0;0;0;1
12:04:34.079864;0;0;0;0;0;0;1
12:04:34.080863;0;0;0;0;0;0;1
12:04:34.080863;0;0;0;0;0;0;1
12:04:34.080863;0;0;0;0;0;0;1
12:04:34.091865;0;0;0;0;0;0;1
12:04:34.110863;0;0;0;0;0;0;1
12:04:34.115865;0;0;0;0;0;0;1
12:04:34.116863;0;0;0;0;0;0;1
12:04:34.116863;0;0;0;0;0;0;1
12:04:34.117864;0;0;0;0;0;0;1
12:04:34.117864;0;0;0;0;0;0;1
12:04:34.131863;0;0;0;0;0;0;1
12:04:34.131863;0;0;0;0;0;0;1
12:04:34.132863;0;0;0;0;0;0;1
12:04:34.143865;0;0;0;0;0;0;1
12:04:34.143865;0;0;0;0;0;0;1
12:04:34.158863;0;0;0;0;0;0;1
12:04:34.158863;0;0;0;0;0;0;1
12:04:34.159863;0;0;0;0;0;0;1
12:04:34.172864;0;0;0;0;0;0;1
12:04:34.172864;0;0;0;0;0;0;1
12:04:34.173864;0;0;0;0;0;0;1
12:04:34.184863;0;0;0;0;0;0;1
12:04:34.185862;0;0;0;0;0;0;1
12:04:34.185862;0;0;0;0;0;0;1
12:04:34.198863;0;0;0;0;0;0;1
12:04:34.199863;0;0;0;0;0;0;1
12:04:34.215863;0;0;0;0;0;0;1
12:04:34.215863;0;0;0;0;0;0;1
12:04:34.216864;0;0;0;0;0;0;1
12:04:34.216864;0;0;0;0;0;0;1
12:04:34.227863;0;0;0;0;0;0;1
12:04:34.228863;0;0;0;0;0;0;1
12:04:34.241863;0;0;0;0;0;0;1
12:04:34.241863;0;0;0;0;0;0;1
12:04:34.241863;0;0;0;0;0;0;1
12:04:34.255864;0;0;0;0;0;0;1
12:04:34.255864;0;0;0;0;0;0;1
12:04:34.255864;0;0;0;0;0;0;1
12:04:34.269863;0;0;0;0;0;0;1
12:04:34.270863;0;0;0;0;0;0;1
12:04:34.270863;0;0;0;0;0;0;1
12:04:34.283863;0;0;0;0;0;0;1
12:04:34.284863;0;0;0;0;0;0;1
12:04:34.295864;0;0;0;0;0;0;1
12:04:34.295864;0;0;0;0;0;0;1
12:04:34.296863;0;0;0;0;0;0;1
12:04:34.310864;0;0;0;0;0;0;1
12:04:34.311864;0;0;0;0;0;0;1
12:04:34.311864;0;0;0;0;0;0;1
12:04:34.325863;0;0;0;0;0;0;1
12:04:34.326863;0;0;0;0;0;0;1
12:04:34.326863;0;0;0;0;0;0;1
12:04:34.337864;0;0;0;0;0;0;1
12:04:34.337864;0;0;0;0;0;0;1
12:04:34.352863;0;0;0;0;0;0;1
12:04:34.352863;0;0;0;0;0;0;1
12:04:34.353864;0;0;0;0;0;0;1
12:04:34.367864;0;0;0;0;0;0;1
12:04:34.368864;0;0;0;0;0;0;1
12:04:34.368864;0;0;0;0;0;0;1
12:04:34.380864;0;0;0;0;0;0;1
12:04:34.380864;0;0;0;0;0;0;1
12:04:34.381863;0;0;0;0;0;0;1
12:04:34.394863;0;0;0;0;0;0;1
12:04:34.395864;0;0;0;0;0;0;1
12:04:34.395864;0;0;0;0;0;0;1
12:04:34.409864;0;0;0;0;0;0;1
12:04:34.409864;0;0;0;0;0;0;1
12:04:34.422864;0;0;0;0;0;0;1
12:04:34.423863;0;0;0;0;0;0;1
12:04:34.423863;0;0;0;0;0;0;1
12:04:34.434864;0;0;0;0;0;0;1
12:04:34.435863;0;0;0;0;0;0;1
12:04:34.435863;0;0;0;0;0;0;1
12:04:34.448864;0;0;0;0;0;0;1
12:04:34.449863;0;0;0;0;0;0;1
12:04:34.463863;0;0;0;0;0;0;1
12:04:34.463863;0;0;0;0;0;0;1
12:04:34.464863;0;0;0;0;0;0;1
12:04:34.477863;0;0;0;0;0;0;1
12:04:34.478863;0;0;0;0;0;0;1
12:04:34.478863;0;0;0;0;0;0;1
12:04:34.492863;0;0;0;0;0;0;1
12:04:34.493863;0;0;0;0;0;0;1
12:04:34.493863;0;0;0;0;0;0;1
12:04:34.505863;0;0;0;0;0;0;1
12:04:34.505863;0;0;0;0;0;0;1
12:04:34.505863;0;0;0;0;0;0;1
12:04:34.523864;0;0;0;0;0;0;1
12:04:34.524863;0;0;0;0;0;0;1
12:04:34.524863;0;0;0;0;0;0;1
12:04:34.533864;0;0;0;0;0;0;1
12:04:34.533864;0;0;0;0;0;0;1
12:04:34.547864;0;0;0;0;0;0;1
12:04:34.547864;0;0;0;0;0;0;1
12:04:34.547864;0;0;0;0;0;0;1
12:04:34.559863;0;0;0;0;0;0;1
12:04:34.560863;0;0;0;0;0;0;1
12:04:34.560863;0;0;0;0;0;0;1
12:04:34.575864;0;0;0;0;0;0;1
12:04:34.575864;0;0;0;0;0;0;1
12:04:34.576864;0;0;0;0;0;0;1
12:04:34.587864;0;0;0;0;0;0;1
12:04:34.587864;0;0;0;0;0;0;1
12:04:34.601863;0;0;0;0;0;0;1
12:04:34.602862;0;0;0;0;0;0;1
12:04:34.602862;0;0;0;0;0;0;1
12:04:34.616863;0;0;0;0;0;0;1
12:04:34.617864;0;0;0;0;0;0;1
12:04:34.617864;0;0;0;0;0;0;1
12:04:34.629864;0;0;0;0;0;0;1
12:04:34.629864;0;0;0;0;0;0;1
12:04:34.630862;0;0;0;0;0;0;1
12:04:34.644864;0;0;0;0;0;0;1
12:04:34.645863;0;0;0;0;0;0;1
12:04:34.645863;0;0;0;0;0;0;1
12:04:34.658863;0;0;0;0;0;0;1
12:04:34.658863;0;0;0;0;0;0;1
12:04:34.672864;0;0;0;0;0;0;1
12:04:34.672864;0;0;0;0;0;0;1
12:04:34.673863;0;0;0;0;0;0;1
12:04:34.684864;0;0;0;0;0;0;1
12:04:34.685864;0;0;0;0;0;0;1
12:04:34.685864;0;0;0;0;0;0;1
12:04:34.700863;0;0;0;0;0;0;1
12:04:34.701863;0;0;0;0;0;0;1
12:04:34.701863;0;0;0;0;0;0;1
12:04:34.712863;0;0;0;0;0;0;1
12:04:34.713863;0;0;0;0;0;0;1
12:04:34.726863;0;0;0;0;0;0;1
12:04:34.727862;0;0;0;0;0;0;1
12:04:34.727862;0;0;0;0;0;0;1
12:04:34.740864;0;0;0;0;0;0;1
12:04:34.740864;0;0;0;0;0;0;1
12:04:34.741863;0;0;0;0;0;0;1
12:04:34.754863;0;0;0;0;0;0;1
12:04:34.754863;0;0;0;0;0;0;1
12:04:34.768863;0;0;0;0;0;0;1
12:04:34.768863;0;0;0;0;0;0;1
12:04:34.769863;0;0;0;0;0;0;1
12:04:34.782863;0;0;0;0;0;0;1
12:04:34.783863;0;0;0;0;0;0;1
12:04:34.783863;0;0;0;0;0;0;1
12:04:34.797864;0;0;0;0;0;0;1
12:04:34.797864;0;0;0;0;0;0;1
12:04:34.798863;0;0;0;0;0;0;1
12:04:34.810863;0;0;0;0;0;0;1
12:04:34.811862;0;0;0;0;0;0;1
12:04:34.811862;0;0;0;0;0;0;1
12:04:34.825863;0;0;0;0;0;0;1
12:04:34.826864;0;0;0;0;0;0;1
12:04:34.826864;0;0;0;0;0;0;1
12:04:34.837864;0;0;0;0;0;0;1
12:04:34.838863;0;0;0;0;0;0;1
12:04:34.852864;0;0;0;0;0;0;1
12:04:34.852864;0;0;0;0;0;0;1
12:04:34.853863;0;0;0;0;0;0;1
12:04:34.866864;0;0;0;0;0;0;1
12:04:34.867864;0;0;0;0;0;0;1
12:04:34.867864;0;0;0;0;0;0;1
12:04:34.880863;0;0;0;0;0;0;1
12:04:34.880863;0;0;0;0;0;0;1
12:04:34.881862;0;0;0;0;0;0;1
12:04:34.894863;0;0;0;0;0;0;1
12:04:34.894863;0;0;0;0;0;0;1
12:04:34.908863;0;0;0;0;0;0;1
12:04:34.909864;0;0;0;0;0;0;1
12:04:34.909864;0;0;0;0;0;0;1
12:04:34.921377;0;0;0;0;0;0;1
12:04:34.921377;0;0;0;0;0;0;1
12:04:34.922378;0;0;0;0;0;0;1
12:04:34.935377;0;0;0;0;0;0;1
12:04:34.936378;0;0;0;0;0;0;1
12:04:34.936378;0;0;0;0;0;0;1
12:04:34.950377;0;0;0;0;0;0;1
12:04:34.950377;0;0;0;0;0;0;1
12:04:34.951377;0;0;0;0;0;0;1
12:04:34.963891;0;0;0;0;0;0;1
12:04:34.963891;0;0;0;0;0;0;1
12:04:34.977889;0;0;0;0;0;0;1
12:04:34.978888;0;0;0;0;0;0;1
12:04:34.978888;0;0;0;0;0;0;1
12:04:34.991890;0;0;0;0;0;0;1
12:04:34.992888;0;0;0;0;0;0;1
12:04:34.992888;0;0;0;0;0;0;1
12:04:35.003890;0;0;0;0;0;0;1
12:04:35.003890;0;0;0;0;0;0;1
12:04:35.017890;0;0;0;0;0;0;1
12:04:35.018888;0;0;0;0;0;0;1
12:04:35.018888;0;0;0;0;0;0;1
12:04:35.031887;0;0;0;0;0;0;1
12:04:35.032888;0;0;0;0;0;0;1
12:04:35.032888;0;0;0;0;0;0;1
12:04:35.046888;0;0;0;0;0;0;1
12:04:35.046888;0;0;0;0;0;0;1
12:04:35.047888;0;0;0;0;0;0;1
12:04:35.060890;0;0;0;0;0;0;1
12:04:35.060890;0;0;0;0;0;0;1
12:04:35.061888;0;0;0;0;0;0;1
12:04:35.074888;0;0;0;0;0;0;1
12:04:35.075888;0;0;0;0;0;0;1
12:04:35.075888;0;0;0;0;0;0;1
12:04:35.088890;0;0;0;0;0;0;1
12:04:35.089889;0;0;0;0;0;0;1
12:04:35.103888;0;0;0;0;0;0;1
12:04:35.103888;0;0;0;0;0;0;1
12:04:35.104888;0;0;0;0;0;0;1
12:04:35.118889;0;0;0;0;0;0;1
12:04:35.118889;0;0;0;0;0;0;1
12:04:35.118889;0;0;0;0;0;0;1
12:04:35.131891;0;0;0;0;0;0;1
12:04:35.132889;0;0;0;0;0;0;1
12:04:35.132889;0;0;0;0;0;0;1
12:04:35.142888;0;0;0;0;0;0;1
12:04:35.143888;0;0;0;0;0;0;1
12:04:35.160888;0;0;0;0;0;0;1
12:04:35.161889;0;0;0;0;0;0;1
12:04:35.162890;0;0;0;0;0;0;1
12:04:35.162890;0;0;0;0;0;0;1
12:04:35.172892;0;0;0;0;0;0;1
12:04:35.172892;0;0;0;0;0;0;1
12:04:35.186889;0;0;0;0;0;0;1
12:04:35.187890;0;0;0;0;0;0;1
12:04:35.187890;0;0;0;0;0;0;1
12:04:35.201889;0;0;0;0;0;0;1
12:04:35.202888;0;0;0;0;0;0;1
12:04:35.202888;0;0;0;0;0;0;1
12:04:35.215888;0;0;0;0;0;0;1
12:04:35.216888;0;0;0;0;0;0;1
12:04:35.216888;0;0;0;0;0;0;1
12:04:35.229889;0;0;0;0;0;0;1
12:04:35.230888;0;0;0;0;0;0;1
12:04:35.230888;0;0;0;0;0;0;1
12:04:35.242889;0;0;0;0;0;0;1
12:04:35.243888;0;0;0;0;0;0;1
12:04:35.257890;0;0;0;0;0;0;1
12:04:35.257890;0;0;0;0;0;0;1
12:04:35.257890;0;0;0;0;0;0;1
12:04:35.268889;0;0;0;0;0;0;1
12:04:35.269890;0;0;0;0;0;0;1
12:04:35.286888;0;0;0;0;0;0;1
12:04:35.287888;0;0;0;0;0;0;1
12:04:35.287888;0;0;0;0;0;0;1
12:04:35.287888;0;0;0;0;0;0;1
12:04:35.295890;0;0;0;0;0;0;1
12:04:35.295890;0;0;0;0;0;0;1
12:04:35.310888;0;0;0;0;0;0;1
12:04:35.311887;0;0;0;0;0;0;1
12:04:35.311887;0;0;0;0;0;0;1
12:04:35.324887;0;0;0;0;0;0;1
12:04:35.325888;0;0;0;0;0;0;1
12:04:35.325888;0;0;0;0;0;0;1
12:04:35.338889;0;0;0;0;0;0;1
12:04:35.339890;0;0;0;0;0;0;1
12:04:35.354888;0;0;0;0;0;0;1
12:04:35.355888;0;0;0;0;0;0;1
12:04:35.355888;0;0;0;0;0;0;1
12:04:35.356889;0;0;0;0;0;0;1
12:04:35.367888;0;0;0;0;0;0;1
12:04:35.367888;0;0;0;0;0;0;1
12:04:35.378891;0;0;0;0;0;0;1
12:04:35.379889;0;0;0;0;0;0;1
12:04:35.393401;0;0;0;0;0;0;1
12:04:35.394401;0;0;0;0;0;0;1
12:04:35.394401;0;0;0;0;0;0;1
12:04:35.407401;0;0;0;0;0;0;1
12:04:35.408401;0;0;0;0;0;0;1
12:04:35.408401;0;0;0;0;0;0;1
12:04:35.423401;0;0;0;0;0;0;1
12:04:35.424400;0;0;0;0;0;0;1
12:04:35.424400;0;0;0;0;0;0;1
12:04:35.436402;0;0;0;0;0;0;1
12:04:35.436402;0;0;0;0;0;0;1
12:04:35.437401;0;0;0;0;0;0;1
12:04:35.451402;0;0;0;0;0;0;1
12:04:35.451402;0;0;0;0;0;0;1
12:04:35.451402;0;0;0;0;0;0;1
12:04:35.463402;0;0;0;0;0;0;1
12:04:35.463402;0;0;0;0;0;0;1
12:04:35.476401;0;0;0;0;0;0;1
12:04:35.476401;0;0;0;0;0;0;1
12:04:35.477402;0;0;0;0;0;0;1
12:04:35.491401;0;0;0;0;0;0;1
12:04:35.492401;0;0;0;0;0;0;1
12:04:35.492401;0;0;0;0;0;0;1
12:04:35.504401;0;0;0;0;0;0;1
12:04:35.504401;0;0;0;0;0;0;1
12:04:35.518401;0;0;0;0;0;0;1
12:04:35.519402;0;0;0;0;0;0;1
12:04:35.519402;0;0;0;0;0;0;1
12:04:35.532402;0;0;0;0;0;0;1
12:04:35.533403;0;0;0;0;0;0;1
12:04:35.533403;0;0;0;0;0;0;1
12:04:35.548402;0;0;0;0;0;0;1
12:04:35.548402;0;0;0;0;0;0;1
12:04:35.549402;0;0;0;0;0;0;1
12:04:35.559401;0;0;0;0;0;0;1
12:04:35.560401;0;0;0;0;0;0;1
12:04:35.560401;0;0;0;0;0;0;1
12:04:35.574400;0;0;0;0;0;0;1
12:04:35.574400;0;0;0;0;0;0;1
12:04:35.589400;0;0;0;0;0;0;1
12:04:35.590400;0;0;0;0;0;0;1
12:04:35.590400;0;0;0;0;0;0;1
12:04:35.591401;0;0;0;0;0;0;1
12:04:35.604402;0;0;0;0;0;0;1
12:04:35.604402;0;0;0;0;0;0;1
12:04:35.621401;0;0;0;0;0;0;1
12:04:35.622401;0;0;0;0;0;0;1
12:04:35.622401;0;0;0;0;0;0;1
12:04:35.622401;0;0;0;0;0;0;1
12:04:35.629401;0;0;0;0;0;0;1
12:04:35.630402;0;0;0;0;0;0;1
12:04:35.643914;0;0;0;0;0;0;1
12:04:35.644436;0;0;0;0;0;0;1
12:04:35.659426;0;0;0;0;0;0;1
12:04:35.659426;0;0;0;0;0;0;1
12:04:35.659426;0;0;0;0;0;0;1
12:04:35.670425;0;0;0;0;0;0;1
12:04:35.671425;0;0;0;0;0;0;1
12:04:35.671425;0;0;0;0;0;0;1
12:04:35.685425;0;0;0;0;0;0;1
12:04:35.685425;0;0;0;0;0;0;1
12:04:35.686425;0;0;0;0;0;0;1
12:04:35.700425;0;0;0;0;0;0;1
12:04:35.701425;0;0;0;0;0;0;1
12:04:35.701425;0;0;0;0;0;0;1
12:04:35.712426;0;0;0;0;0;0;1
12:04:35.713425;0;0;0;0;0;0;1
12:04:35.728425;0;0;0;0;0;0;1
12:04:35.729425;0;0;0;0;0;0;1
12:04:35.729425;0;0;0;0;0;0;1
12:04:35.740426;0;0;0;0;0;0;1
12:04:35.740426;0;0;0;0;0;0;1
12:04:35.741425;0;0;0;0;0;0;1
12:04:35.754425;0;0;0;0;0;0;1
12:04:35.755425;0;0;0;0;0;0;1
12:04:35.755425;0;0;0;0;0;0;1
12:04:35.769425;0;0;0;0;0;0;1
12:04:35.769425;0;0;0;0;0;0;1
12:04:35.782424;0;0;0;0;0;0;1
12:04:35.782424;0;0;0;0;0;0;1
12:04:35.782424;0;0;0;0;0;0;1
12:04:35.796425;0;0;0;0;0;0;1
12:04:35.796425;0;0;0;0;0;0;1
12:04:35.797425;0;0;0;0;0;0;1
12:04:35.810425;0;0;0;0;0;0;1
12:04:35.810425;0;0;0;0;0;0;1
12:04:35.810425;0;0;0;0;0;0;1
12:04:35.824425;0;0;0;0;0;0;1
12:04:35.824425;0;0;0;0;0;0;1
12:04:35.837425;0;0;0;0;0;0;1
12:04:35.838425;0;0;0;0;0;0;1
12:04:35.838425;0;0;0;0;0;0;1
12:04:35.851937;0;0;0;0;0;0;1
12:04:35.851937;0;0;0;0;0;0;1
12:04:35.852937;0;0;0;0;0;0;1
12:04:35.865450;0;0;0;0;0;0;1
12:04:35.865450;0;0;0;0;0;0;1
12:04:35.866449;0;0;0;0;0;0;1
12:04:35.879449;0;0;0;0;0;0;1
12:04:35.880449;0;0;0;0;0;0;1
12:04:35.880449;0;0;0;0;0;0;1
12:04:35.893959;0;0;0;0;0;0;1
12:04:35.894959;0;0;0;0;0;0;1
12:04:35.908505;0;0;0;0;0;0;1
12:04:35.909501;0;0;0;0;0;0;1
12:04:35.909501;0;0;0;0;0;0;1
12:04:35.921663;0;0;0;0;0;0;1
12:04:35.922651;0;0;0;0;0;0;1
12:04:35.923357;0;0;0;0;0;0;1
12:04:35.936984;0;0;0;0;0;0;1
12:04:35.936984;0;0;0;0;0;0;1
12:04:35.937982;0;0;0;0;0;0;1
12:04:35.948848;0;0;0;0;0;0;1
12:04:35.948848;0;0;0;0;0;0;1
12:04:35.962381;0;0;0;0;0;0;1
12:04:35.962381;0;0;0;0;0;0;1
12:04:35.963381;0;0;0;0;0;0;1
12:04:35.976381;0;0;0;0;0;0;1
12:04:35.976381;0;0;0;0;0;0;1
12:04:35.977381;0;0;0;0;0;0;1
12:04:35.990380;0;0;0;0;0;0;1
12:04:35.990380;0;0;0;0;0;0;1
12:04:35.991381;0;0;0;0;0;0;1
12:04:36.006379;0;0;0;0;0;0;1
12:04:36.006379;0;0;0;0;0;0;1
12:04:36.007379;0;0;0;0;0;0;1
12:04:36.018380;0;0;0;0;0;0;1
12:04:36.018380;0;0;0;0;0;0;1
12:04:36.034379;0;0;0;0;0;0;1
12:04:36.034379;0;0;0;0;0;0;1
12:04:36.034379;0;0;0;0;0;0;1
12:04:36.047381;0;0;0;0;0;0;1
12:04:36.048380;0;0;0;0;0;0;1
12:04:36.048380;0;0;0;0;0;0;1
12:04:36.060382;0;0;0;0;0;0;1
12:04:36.061381;0;0;0;0;0;0;1
12:04:36.061381;0;0;0;0;0;0;1
12:04:36.074380;0;0;0;0;0;0;1
12:04:36.074380;0;0;0;0;0;0;1
12:04:36.088382;0;0;0;0;0;0;1
12:04:36.089380;0;0;0;0;0;0;1
12:04:36.089380;0;0;0;0;0;0;1
12:04:36.103381;0;0;0;0;0;0;1
12:04:36.104381;0;0;0;0;0;0;1
12:04:36.104381;0;0;0;0;0;0;1
12:04:36.114953;0;0;0;0;0;0;1
12:04:36.115954;0;0;0;0;0;0;1
12:04:36.115954;0;0;0;0;0;0;1
12:04:36.129953;0;0;0;0;0;0;1
12:04:36.129953;0;0;0;0;0;0;1
12:04:36.145459;0;0;0;0;0;0;1
12:04:36.145459;0;0;0;0;0;0;1
12:04:36.146460;0;0;0;0;0;0;1
12:04:36.146460;0;0;0;0;0;0;1
12:04:36.158459;0;0;0;0;0;0;1
12:04:36.158459;0;0;0;0;0;0;1
12:04:36.170459;0;0;0;0;0;0;1
12:04:36.171459;0;0;0;0;0;0;1
12:04:36.171459;0;0;0;0;0;0;1
12:04:36.188459;0;0;0;0;0;0;1
12:04:36.189460;0;0;0;0;0;0;1
12:04:36.189460;0;0;0;0;0;0;1
12:04:36.199460;0;0;0;0;0;0;1
12:04:36.199460;0;0;0;0;0;0;1
12:04:36.213972;0;0;0;0;0;0;1
12:04:36.213972;0;0;0;0;0;0;1
12:04:36.213972;0;0;0;0;0;0;1
12:04:36.226971;0;0;0;0;0;0;1
12:04:36.226971;0;0;0;0;0;0;1
12:04:36.227972;0;0;0;0;0;0;1
12:04:36.240972;0;0;0;0;0;0;1
12:04:36.240972;0;0;0;0;0;0;1
12:04:36.241971;0;0;0;0;0;0;1
12:04:36.254971;0;0;0;0;0;0;1
12:04:36.255971;0;0;0;0;0;0;1
12:04:36.255971;0;0;0;0;0;0;1
12:04:36.268971;0;0;0;0;0;0;1
12:04:36.269971;0;0;0;0;0;0;1
12:04:36.284971;0;0;0;0;0;0;1
12:04:36.284971;0;0;0;0;0;0;1
12:04:36.285971;0;0;0;0;0;0;1
12:04:36.285971;0;0;0;0;0;0;1
12:04:36.295971;0;0;0;0;0;0;1
12:04:36.296972;0;0;0;0;0;0;1
12:04:36.309971;0;0;0;0;0;0;1
12:04:36.309971;0;0;0;0;0;0;1
12:04:36.310971;0;0;0;0;0;0;1
12:04:36.323971;0;0;0;0;0;0;1
12:04:36.324971;0;0;0;0;0;0;1
12:04:36.337971;0;0;0;0;0;0;1
12:04:36.337971;0;0;0;0;0;0;1
12:04:36.337971;0;0;0;0;0;0;1
12:04:36.351970;0;0;0;0;0;0;1
12:04:36.351970;0;0;0;0;0;0;1
12:04:36.351970;0;0;0;0;0;0;1
12:04:36.365972;0;0;0;0;0;0;1
12:04:36.365972;0;0;0;0;0;0;1
12:04:36.366971;0;0;0;0;0;0;1
12:04:36.380972;0;0;0;0;0;0;1
12:04:36.381972;0;0;0;0;0;0;1
12:04:36.385971;0;0;0;0;0;0;1
12:04:36.390971;0;0;0;0;0;0;1
12:04:36.390971;0;0;0;0;0;0;1
12:04:36.408971;0;0;0;0;0;0;1
12:04:36.408971;0;0;0;0;0;0;1
12:04:36.408971;0;0;0;0;0;0;1
12:04:36.422970;0;0;0;0;0;0;1
12:04:36.423971;0;0;0;0;0;0;1
12:04:36.423971;0;0;0;0;0;0;1
12:04:36.435971;0;0;0;0;0;0;1
12:04:36.435971;0;0;0;0;0;0;1
12:04:36.435971;0;0;0;0;0;0;1
12:04:36.449971;0;0;0;0;0;0;1
12:04:36.450971;0;0;0;0;0;0;1
12:04:36.450971;0;0;0;0;0;0;1
12:04:36.463971;0;0;0;0;0;0;1
12:04:36.463971;0;0;0;0;0;0;1
12:04:36.477972;0;0;0;0;0;0;1
12:04:36.477972;0;0;0;0;0;0;1
12:04:36.478972;0;0;0;0;0;0;1
12:04:36.492973;0;0;0;0;0;0;1
12:04:36.493972;0;0;0;0;0;0;1
12:04:36.493972;0;0;0;0;0;0;1
12:04:36.505973;0;0;0;0;0;0;1
12:04:36.505973;0;0;0;0;0;0;1
12:04:36.505973;0;0;0;0;0;0;1
12:04:36.519972;0;0;0;0;0;0;1
12:04:36.520972;0;0;0;0;0;0;1
12:04:36.520972;0;0;0;0;0;0;1
12:04:36.533972;0;0;0;0;0;0;1
12:04:36.533972;0;0;0;0;0;0;1
12:04:36.545971;0;0;0;0;0;0;1
12:04:36.545971;0;0;0;0;0;0;1
12:04:36.545971;0;0;0;0;0;0;1
12:04:36.560970;0;0;0;0;0;0;1
12:04:36.560970;0;0;0;0;0;0;1
12:04:36.561971;0;0;0;0;0;0;1
12:04:36.573971;0;0;0;0;0;0;1
12:04:36.573971;0;0;0;0;0;0;1
12:04:36.588971;0;0;0;0;0;0;1
12:04:36.589971;0;0;0;0;0;0;1
12:04:36.589971;0;0;0;0;0;0;1
12:04:36.602971;0;0;0;0;0;0;1
12:04:36.602971;0;0;0;0;0;0;1
12:04:36.603970;0;0;0;0;0;0;1
12:04:36.617190;0;0;0;0;0;0;1
12:04:36.617190;0;0;0;0;0;0;1
12:04:36.617190;0;0;0;0;0;0;1
12:04:36.629190;0;0;0;0;0;0;1
12:04:36.630191;0;0;0;0;0;0;1
12:04:36.630191;0;0;0;0;0;0;1
12:04:36.645419;0;0;0;0;0;0;1
12:04:36.645419;0;0;0;0;0;0;1
12:04:36.645419;0;0;0;0;0;0;1
12:04:36.659029;0;0;0;0;0;0;1
12:04:36.659029;0;0;0;0;0;0;1
12:04:36.673029;0;0;0;0;0;0;1
12:04:36.673029;0;0;0;0;0;0;1
12:04:36.674029;0;0;0;0;0;0;1
12:04:36.684031;0;0;0;0;0;0;1
12:04:36.685031;0;0;0;0;0;0;1
12:04:36.699031;0;0;0;0;0;0;1
12:04:36.699031;0;0;0;0;0;0;1
12:04:36.700030;0;0;0;0;0;0;1
12:04:36.715030;0;0;0;0;0;0;1
12:04:36.715030;0;0;0;0;0;0;1
12:04:36.716031;0;0;0;0;0;0;1
12:04:36.716031;0;0;0;0;0;0;1
12:04:36.727030;0;0;0;0;0;0;1
12:04:36.727030;0;0;0;0;0;0;1
12:04:36.743030;0;0;0;0;0;0;1
12:04:36.743030;0;0;0;0;0;0;1
12:04:36.744054;0;0;0;0;0;0;1
12:04:36.756031;0;0;0;0;0;0;1
12:04:36.757031;0;0;0;0;0;0;1
12:04:36.757031;0;0;0;0;0;0;1
12:04:36.769030;0;0;0;0;0;0;1
12:04:36.769030;0;0;0;0;0;0;1
12:04:36.784031;0;0;0;0;0;0;1
12:04:36.784031;0;0;0;0;0;0;1
12:04:36.784031;0;0;0;0;0;0;1
12:04:36.796031;0;0;0;0;0;0;1
12:04:36.797031;0;0;0;0;0;0;1
12:04:36.797031;0;0;0;0;0;0;1
12:04:36.811030;0;0;0;0;0;0;1
12:04:36.811030;0;0;0;0;0;0;1
12:04:36.812030;0;0;0;0;0;0;1
12:04:36.823030;0;0;0;0;0;0;1
12:04:36.824030;0;0;0;0;0;0;1
12:04:36.841039;0;0;0;0;0;0;1
12:04:36.841039;0;0;0;0;0;0;1
12:04:36.841039;0;0;0;0;0;0;1
12:04:36.842031;0;0;0;0;0;0;1
12:04:36.853031;0;0;0;0;0;0;1
12:04:36.853031;0;0;0;0;0;0;1
12:04:36.868030;0;0;0;0;0;0;1
12:04:36.868030;0;0;0;0;0;0;1
12:04:36.869030;0;0;0;0;0;0;1
12:04:36.880031;0;0;0;0;0;0;1
12:04:36.881031;0;0;0;0;0;0;1
12:04:36.881031;0;0;0;0;0;0;1
12:04:36.893030;0;0;0;0;0;0;1
12:04:36.893030;0;0;0;0;0;0;1
12:04:36.909030;0;0;0;0;0;0;1
12:04:36.910030;0;0;0;0;0;0;1
12:04:36.910030;0;0;0;0;0;0;1
12:04:36.922030;0;0;0;0;0;0;1
12:04:36.923031;0;0;0;0;0;0;1
12:04:36.923031;0;0;0;0;0;0;1
12:04:36.937030;0;0;0;0;0;0;1
12:04:36.938030;0;0;0;0;0;0;1
12:04:36.938030;0;0;0;0;0;0;1
12:04:36.950029;0;0;0;0;0;0;1
12:04:36.950029;0;0;0;0;0;0;1
12:04:36.951029;0;0;0;0;0;0;1
12:04:36.965030;0;0;0;0;0;0;1
12:04:36.965030;0;0;0;0;0;0;1
12:04:36.966029;0;0;0;0;0;0;1
12:04:36.977030;0;0;0;0;0;0;1
12:04:36.977030;0;0;0;0;0;0;1
12:04:36.992030;0;0;0;0;0;0;1
12:04:36.993031;0;0;0;0;0;0;1
12:04:36.993031;0;0;0;0;0;0;1
12:04:37.006030;0;0;0;0;0;0;1
12:04:37.007030;0;0;0;0;0;0;1
12:04:37.007030;0;0;0;0;0;0;1
12:04:37.018030;0;0;0;0;0;0;1
12:04:37.019031;0;0;0;0;0;0;1
12:04:37.033030;0;0;0;0;0;0;1
12:04:37.033030;0;0;0;0;0;0;1
12:04:37.033030;0;0;0;0;0;0;1
12:04:37.048031;0;0;0;0;0;0;1
12:04:37.048031;0;0;0;0;0;0;1
12:04:37.049029;0;0;0;0;0;0;1
12:04:37.062030;0;0;0;0;0;0;1
12:04:37.063031;0;0;0;0;0;0;1
12:04:37.063031;0;0;0;0;0;0;1
12:04:37.075030;0;0;0;0;0;0;1
12:04:37.076031;0;0;0;0;0;0;1
12:04:37.076031;0;0;0;0;0;0;1
12:04:37.089030;0;0;0;0;0;0;1
12:04:37.089030;0;0;0;0;0;0;1
12:04:37.103030;0;0;0;0;0;0;1
12:04:37.104031;0;0;0;0;0;0;1
12:04:37.104031;0;0;0;0;0;0;1
12:04:37.116030;0;0;0;0;0;0;1
12:04:37.116030;0;0;0;0;0;0;1
12:04:37.117031;0;0;0;0;0;0;1
12:04:37.131030;0;0;0;0;0;0;1
12:04:37.132030;0;0;0;0;0;0;1
12:04:37.132030;0;0;0;0;0;0;1
12:04:37.145030;0;0;0;0;0;0;1
12:04:37.146030;0;0;0;0;0;0;1
12:04:37.146030;0;0;0;0;0;0;1
12:04:37.157031;0;0;0;0;0;0;1
12:04:37.157031;0;0;0;0;0;0;1
12:04:37.171029;0;0;0;0;0;0;1
12:04:37.172031;0;0;0;0;0;0;1
12:04:37.172031;0;0;0;0;0;0;1
12:04:37.185030;0;0;0;0;0;0;1
12:04:37.186031;0;0;0;0;0;0;1
12:04:37.186031;0;0;0;0;0;0;1
12:04:37.199031;0;0;0;0;0;0;1
12:04:37.200029;0;0;0;0;0;0;1
12:04:37.214033;0;0;0;0;0;0;1
12:04:37.214033;0;0;0;0;0;0;1
12:04:37.214033;0;0;0;0;0;0;1
12:04:37.229031;0;0;0;0;0;0;1
12:04:37.229031;0;0;0;0;0;0;1
12:04:37.230030;0;0;0;0;0;0;1
12:04:37.241030;0;0;0;0;0;0;1
12:04:37.241030;0;0;0;0;0;0;1
12:04:37.242030;0;0;0;0;0;0;1
12:04:37.256031;0;0;0;0;0;0;1
12:04:37.257030;0;0;0;0;0;0;1
12:04:37.257030;0;0;0;0;0;0;1
12:04:37.268031;0;0;0;0;0;0;1
12:04:37.269030;0;0;0;0;0;0;1
12:04:37.284031;0;0;0;0;0;0;1
12:04:37.285030;0;0;0;0;0;0;1
12:04:37.285030;0;0;0;0;0;0;1
12:04:37.300031;0;0;0;0;0;0;1
12:04:37.300031;0;0;0;0;0;0;1
12:04:37.301030;0;0;0;0;0;0;1
12:04:37.301030;0;0;0;0;0;0;1
12:04:37.310031;0;0;0;0;0;0;1
12:04:37.310031;0;0;0;0;0;0;1
12:04:37.323032;0;0;0;0;0;0;1
12:04:37.323032;0;0;0;0;0;0;1
12:04:37.340030;0;0;0;0;0;0;1
12:04:37.340030;0;0;0;0;0;0;1
12:04:37.341031;0;0;0;0;0;0;1
12:04:37.341031;0;0;0;0;0;0;1
12:04:37.352030;0;0;0;0;0;0;1
12:04:37.352030;0;0;0;0;0;0;1
12:04:37.365030;0;0;0;0;0;0;1
12:04:37.366029;0;0;0;0;0;0;1
12:04:37.366029;0;0;0;0;0;0;1
12:04:37.381031;0;0;0;0;0;0;1
12:04:37.381031;0;0;0;0;0;0;1
12:04:37.381031;0;0;0;0;0;0;1
12:04:37.395030;0;0;0;0;0;0;1
12:04:37.395030;0;0;0;0;0;0;1
12:04:37.408031;0;0;0;0;0;0;1
12:04:37.408031;0;0;0;0;0;0;1
12:04:37.409031;0;0;0;0;0;0;1
12:04:37.423030;0;0;0;0;0;0;1
12:04:37.424030;0;0;0;0;0;0;1
12:04:37.424030;0;0;0;0;0;0;1
12:04:37.442031;0;0;0;0;0;0;1
12:04:37.443030;0;0;0;0;0;0;1
12:04:37.443030;0;0;0;0;0;0;1
12:04:37.443030;0;0;0;0;0;0;1
12:04:37.448031;0;0;0;0;0;0;1
12:04:37.464030;0;0;0;0;0;0;1
12:04:37.464030;0;0;0;0;0;0;1
12:04:37.465029;0;0;0;0;0;0;1
12:04:37.477030;0;0;0;0;0;0;1
12:04:37.477030;0;0;0;0;0;0;1
12:04:37.478029;0;0;0;0;0;0;1
12:04:37.492030;0;0;0;0;0;0;1
12:04:37.493030;0;0;0;0;0;0;1
12:04:37.493030;0;0;0;0;0;0;1
12:04:37.504030;0;0;0;0;0;0;1
12:04:37.505030;0;0;0;0;0;0;1
12:04:37.520029;0;0;0;0;0;0;1
12:04:37.520029;0;0;0;0;0;0;1
12:04:37.521030;0;0;0;0;0;0;1
12:04:37.521030;0;0;0;0;0;0;1
12:04:37.534030;0;0;0;0;0;0;1
12:04:37.534030;0;0;0;0;0;0;1
12:04:37.546031;0;0;0;0;0;0;1
12:04:37.546031;0;0;0;0;0;0;1
12:04:37.547030;0;0;0;0;0;0;1
12:04:37.561030;0;0;0;0;0;0;1
12:04:37.561030;0;0;0;0;0;0;1
12:04:37.562029;0;0;0;0;0;0;1
12:04:37.575030;0;0;0;0;0;0;1
12:04:37.576030;0;0;0;0;0;0;1
12:04:37.576030;0;0;0;0;0;0;1
12:04:37.588029;0;0;0;0;0;0;1
12:04:37.588029;0;0;0;0;0;0;1
12:04:37.602030;0;0;0;0;0;0;1
12:04:37.602030;0;0;0;0;0;0;1
12:04:37.602030;0;0;0;0;0;0;1
12:04:37.615031;0;0;0;0;0;0;1
12:04:37.616031;0;0;0;0;0;0;1
12:04:37.616031;0;0;0;0;0;0;1
12:04:37.632031;0;0;0;0;0;0;1
12:04:37.632031;0;0;0;0;0;0;1
12:04:37.633031;0;0;0;0;0;0;1
12:04:37.643031;0;0;0;0;0;0;1
12:04:37.644031;0;0;0;0;0;0;1
12:04:37.658032;0;0;0;0;0;0;1
12:04:37.659031;0;0;0;0;0;0;1
12:04:37.659031;0;0;0;0;0;0;1
12:04:37.671029;0;0;0;0;0;0;1
12:04:37.672029;0;0;0;0;0;0;1
12:04:37.672029;0;0;0;0;0;0;1
12:04:37.687030;0;0;0;0;0;0;1
12:04:37.687030;0;0;0;0;0;0;1
12:04:37.688030;0;0;0;0;0;0;1
12:04:37.700030;0;0;0;0;0;0;1
12:04:37.700030;0;0;0;0;0;0;1
12:04:37.701030;0;0;0;0;0;0;1
12:04:37.715031;0;0;0;0;0;0;1
12:04:37.715031;0;0;0;0;0;0;1
12:04:37.716030;0;0;0;0;0;0;1
12:04:37.727031;0;0;0;0;0;0;1
12:04:37.728030;0;0;0;0;0;0;1
12:04:37.741030;0;0;0;0;0;0;1
12:04:37.742030;0;0;0;0;0;0;1
12:04:37.742030;0;0;0;0;0;0;1
12:04:37.756031;0;0;0;0;0;0;1
12:04:37.756031;0;0;0;0;0;0;1
12:04:37.757029;0;0;0;0;0;0;1
12:04:37.769031;0;0;0;0;0;0;1
12:04:37.769031;0;0;0;0;0;0;1
12:04:37.782030;0;0;0;0;0;0;1
12:04:37.783030;0;0;0;0;0;0;1
12:04:37.783030;0;0;0;0;0;0;1
12:04:37.798031;0;0;0;0;0;0;1
12:04:37.799030;0;0;0;0;0;0;1
12:04:37.799030;0;0;0;0;0;0;1
12:04:37.811030;0;0;0;0;0;0;1
12:04:37.812031;0;0;0;0;0;0;1
12:04:37.812031;0;0;0;0;0;0;1
12:04:37.823031;0;0;0;0;0;0;1
12:04:37.824031;0;0;0;0;0;0;1
12:04:37.838033;0;0;0;0;0;0;1
12:04:37.838550;0;0;0;0;0;0;1
12:04:37.838550;0;0;0;0;0;0;1
12:04:37.852547;0;0;0;0;0;0;1
12:04:37.852547;0;0;0;0;0;0;1
12:04:37.853546;0;0;0;0;0;0;1
12:04:37.867546;0;0;0;0;0;0;1
12:04:37.867546;0;0;0;0;0;0;1
12:04:37.868546;0;0;0;0;0;0;1
12:04:37.879547;0;0;0;0;0;0;1
12:04:37.879547;0;0;0;0;0;0;1
12:04:37.895547;0;0;0;0;0;0;1
12:04:37.895547;0;0;0;0;0;0;1
12:04:37.895547;0;0;0;0;0;0;1
12:04:37.896546;0;0;0;0;0;0;1
12:04:37.907547;0;0;0;0;0;0;1
12:04:37.908546;0;0;0;0;0;0;1
12:04:37.923550;0;0;0;0;0;0;1
12:04:37.923550;0;0;0;0;0;0;1
12:04:37.923550;0;0;0;0;0;0;1
12:04:37.936546;0;0;0;0;0;0;1
12:04:37.936546;0;0;0;0;0;0;1
12:04:37.937546;0;0;0;0;0;0;1
12:04:37.948546;0;0;0;0;0;0;1
12:04:37.949547;0;0;0;0;0;0;1
12:04:37.963547;0;0;0;0;0;0;1
12:04:37.963547;0;0;0;0;0;0;1
12:04:37.964547;0;0;0;0;0;0;1
12:04:37.977547;0;0;0;0;0;0;1
12:04:37.978546;0;0;0;0;0;0;1
12:04:37.978546;0;0;0;0;0;0;1
12:04:37.992547;0;0;0;0;0;0;1
12:04:37.993546;0;0;0;0;0;0;1
12:04:37.993546;0;0;0;0;0;0;1
12:04:38.008546;0;0;0;0;0;0;1
12:04:38.008546;0;0;0;0;0;0;1
12:04:38.008546;0;0;0;0;0;0;1
12:04:38.018547;0;0;0;0;0;0;1
12:04:38.018547;0;0;0;0;0;0;1
12:04:38.032546;0;0;0;0;0;0;1
12:04:38.033547;0;0;0;0;0;0;1
12:04:38.033547;0;0;0;0;0;0;1
12:04:38.046546;0;0;0;0;0;0;1
12:04:38.047546;0;0;0;0;0;0;1
12:04:38.047546;0;0;0;0;0;0;1
12:04:38.061546;0;0;0;0;0;0;1
12:04:38.062546;0;0;0;0;0;0;1
12:04:38.062546;0;0;0;0;0;0;1
12:04:38.074546;0;0;0;0;0;0;1
12:04:38.074546;0;0;0;0;0;0;1
12:04:38.088546;0;0;0;0;0;0;1
12:04:38.089546;0;0;0;0;0;0;1
12:04:38.089546;0;0;0;0;0;0;1
12:04:38.101546;0;0;0;0;0;0;1
12:04:38.102546;0;0;0;0;0;0;1
12:04:38.102546;0;0;0;0;0;0;1
12:04:38.116547;0;0;0;0;0;0;1
12:04:38.117546;0;0;0;0;0;0;1
12:04:38.117546;0;0;0;0;0;0;1
12:04:38.131547;0;0;0;0;0;0;1
12:04:38.132546;0;0;0;0;0;0;1
12:04:38.132546;0;0;0;0;0;0;1
12:04:38.143547;0;0;0;0;0;0;1
12:04:38.144546;0;0;0;0;0;0;1
12:04:38.158546;0;0;0;0;0;0;1
12:04:38.158546;0;0;0;0;0;0;1
12:04:38.158546;0;0;0;0;0;0;1
12:04:38.173546;0;0;0;0;0;0;1
12:04:38.173546;0;0;0;0;0;0;1
12:04:38.173546;0;0;0;0;0;0;1
12:04:38.185547;0;0;0;0;0;0;1
12:04:38.185547;0;0;0;0;0;0;1
12:04:38.191545;0;0;0;0;0;0;1
12:04:38.195546;0;0;0;0;0;0;1
12:04:38.196546;0;0;0;0;0;0;1
12:04:38.211546;0;0;0;0;0;0;1
12:04:38.212547;0;0;0;0;0;0;1
12:04:38.212547;0;0;0;0;0;0;1
12:04:38.226546;0;0;0;0;0;0;1
12:04:38.227546;0;0;0;0;0;0;1
12:04:38.227546;0;0;0;0;0;0;1
12:04:38.242546;0;0;0;0;0;0;1
12:04:38.242546;0;0;0;0;0;0;1
12:04:38.242546;0;0;0;0;0;0;1
12:04:38.256547;0;0;0;0;0;0;1
12:04:38.256547;0;0;0;0;0;0;1
12:04:38.257546;0;0;0;0;0;0;1
12:04:38.267546;0;0;0;0;0;0;1
12:04:38.268547;0;0;0;0;0;0;1
12:04:38.282546;0;0;0;0;0;0;1
12:04:38.283545;0;0;0;0;0;0;1
12:04:38.283545;0;0;0;0;0;0;1
12:04:38.302545;0;0;0;0;0;0;1
12:04:38.302545;0;0;0;0;0;0;1
12:04:38.303547;0;0;0;0;0;0;1
12:04:38.303547;0;0;0;0;0;0;1
12:04:38.311547;0;0;0;0;0;0;1
12:04:38.311547;0;0;0;0;0;0;1
12:04:38.325545;0;0;0;0;0;0;1
12:04:38.325545;0;0;0;0;0;0;1
12:04:38.325545;0;0;0;0;0;0;1
12:04:38.339546;0;0;0;0;0;0;1
12:04:38.340546;0;0;0;0;0;0;1
12:04:38.352548;0;0;0;0;0;0;1
12:04:38.352548;0;0;0;0;0;0;1
12:04:38.353546;0;0;0;0;0;0;1
12:04:38.367547;0;0;0;0;0;0;1
12:04:38.367547;0;0;0;0;0;0;1
12:04:38.368546;0;0;0;0;0;0;1
12:04:38.379548;0;0;0;0;0;0;1
12:04:38.379548;0;0;0;0;0;0;1
12:04:38.394547;0;0;0;0;0;0;1
12:04:38.394547;0;0;0;0;0;0;1
12:04:38.395546;0;0;0;0;0;0;1
12:04:38.407547;0;0;0;0;0;0;1
12:04:38.407547;0;0;0;0;0;0;1
12:04:38.407547;0;0;0;0;0;0;1
12:04:38.420545;0;0;0;0;0;0;1
12:04:38.421546;0;0;0;0;0;0;1
12:04:38.421546;0;0;0;0;0;0;1
12:04:38.437546;0;0;0;0;0;0;1
12:04:38.437546;0;0;0;0;0;0;1
12:04:38.438545;0;0;0;0;0;0;1
12:04:38.449546;0;0;0;0;0;0;1
12:04:38.449546;0;0;0;0;0;0;1
12:04:38.463547;0;0;0;0;0;0;1
12:04:38.464546;0;0;0;0;0;0;1
12:04:38.464546;0;0;0;0;0;0;1
12:04:38.476546;0;0;0;0;0;0;1
12:04:38.477546;0;0;0;0;0;0;1
12:04:38.477546;0;0;0;0;0;0;1
12:04:38.491546;0;0;0;0;0;0;1
12:04:38.491546;0;0;0;0;0;0;1
12:04:38.492546;0;0;0;0;0;0;1
12:04:38.506546;0;0;0;0;0;0;1
12:04:38.507546;0;0;0;0;0;0;1
12:04:38.507546;0;0;0;0;0;0;1
12:04:38.520546;0;0;0;0;0;0;1
12:04:38.520546;0;0;0;0;0;0;1
12:04:38.521546;0;0;0;0;0;0;1
12:04:38.532546;0;0;0;0;0;0;1
12:04:38.532546;0;0;0;0;0;0;1
12:04:38.545545;0;0;0;0;0;0;1
12:04:38.546546;0;0;0;0;0;0;1
12:04:38.546546;0;0;0;0;0;0;1
12:04:38.560546;0;0;0;0;0;0;1
12:04:38.561546;0;0;0;0;0;0;1
12:04:38.561546;0;0;0;0;0;0;1
12:04:38.575545;0;0;0;0;0;0;1
12:04:38.576545;0;0;0;0;0;0;1
12:04:38.576545;0;0;0;0;0;0;1
12:04:38.587545;0;0;0;0;0;0;1
12:04:38.588545;0;0;0;0;0;0;1
12:04:38.602546;0;0;0;0;0;0;1
12:04:38.602546;0;0;0;0;0;0;1
12:04:38.603546;0;0;0;0;0;0;1
12:04:38.615545;0;0;0;0;0;0;1
12:04:38.616545;0;0;0;0;0;0;1
12:04:38.616545;0;0;0;0;0;0;1
12:04:38.630546;0;0;0;0;0;0;1
12:04:38.631547;0;0;0;0;0;0;1
12:04:38.631547;0;0;0;0;0;0;1
12:04:38.645547;0;0;0;0;0;0;1
12:04:38.646546;0;0;0;0;0;0;1
12:04:38.646546;0;0;0;0;0;0;1
12:04:38.657547;0;0;0;0;0;0;1
12:04:38.657547;0;0;0;0;0;0;1
12:04:38.670546;0;0;0;0;0;0;1
12:04:38.671545;0;0;0;0;0;0;1
12:04:38.671545;0;0;0;0;0;0;1
12:04:38.685546;0;0;0;0;0;0;1
12:04:38.685546;0;0;0;0;0;0;1
12:04:38.685546;0;0;0;0;0;0;1
12:04:38.699547;0;0;0;0;0;0;1
12:04:38.700547;0;0;0;0;0;0;1
12:04:38.700547;0;0;0;0;0;0;1
12:04:38.712547;0;0;0;0;0;0;1
12:04:38.712547;0;0;0;0;0;0;1
12:04:38.726546;0;0;0;0;0;0;1
12:04:38.727546;0;0;0;0;0;0;1
12:04:38.727546;0;0;0;0;0;0;1
12:04:38.743546;0;0;0;0;0;0;1
12:04:38.744547;0;0;0;0;0;0;1
12:04:38.744547;0;0;0;0;0;0;1
12:04:38.755547;0;0;0;0;0;0;1
12:04:38.756546;0;0;0;0;0;0;1
12:04:38.756546;0;0;0;0;0;0;1
12:04:38.768546;0;0;0;0;0;0;1
12:04:38.768546;0;0;0;0;0;0;1
12:04:38.782546;0;0;0;0;0;0;1
12:04:38.782546;0;0;0;0;0;0;1
12:04:38.783547;0;0;0;0;0;0;1
12:04:38.797546;0;0;0;0;0;0;1
12:04:38.797546;0;0;0;0;0;0;1
12:04:38.798546;0;0;0;0;0;0;1
12:04:38.811546;0;0;0;0;0;0;1
12:04:38.812546;0;0;0;0;0;0;1
12:04:38.812546;0;0;0;0;0;0;1
12:04:38.825546;0;0;0;0;0;0;1
12:04:38.825546;0;0;0;0;0;0;1
12:04:38.825546;0;0;0;0;0;0;1
12:04:38.839546;0;0;0;0;0;0;1
12:04:38.840547;0;0;0;0;0;0;1
12:04:38.840547;0;0;0;0;0;0;1
12:04:38.851547;0;0;0;0;0;0;1
12:04:38.852546;0;0;0;0;0;0;1
12:04:38.865548;0;0;0;0;0;0;1
12:04:38.865548;0;0;0;0;0;0;1
12:04:38.866546;0;0;0;0;0;0;1
12:04:38.880547;0;0;0;0;0;0;1
12:04:38.880547;0;0;0;0;0;0;1
12:04:38.880547;0;0;0;0;0;0;1
12:04:38.894546;0;0;0;0;0;0;1
12:04:38.894546;0;0;0;0;0;0;1
12:04:38.907547;0;0;0;0;0;0;1
12:04:38.908546;0;0;0;0;0;0;1
12:04:38.908546;0;0;0;0;0;0;1
12:04:38.921547;0;0;0;0;0;0;1
12:04:38.922546;0;0;0;0;0;0;1
12:04:38.922546;0;0;0;0;0;0;1
12:04:38.936547;0;0;0;0;0;0;1
12:04:38.936547;0;0;0;0;0;0;1
12:04:38.936547;0;0;0;0;0;0;1
12:04:38.951547;0;0;0;0;0;0;1
12:04:38.951547;0;0;0;0;0;0;1
12:04:38.952546;0;0;0;0;0;0;1
12:04:38.962546;0;0;0;0;0;0;1
12:04:38.963546;0;0;0;0;0;0;1
12:04:38.977546;0;0;0;0;0;0;1
12:04:38.977546;0;0;0;0;0;0;1
12:04:38.978546;0;0;0;0;0;0;1
12:04:38.991546;0;0;0;0;0;0;1
12:04:38.991546;0;0;0;0;0;0;1
12:04:38.991546;0;0;0;0;0;0;1
12:04:39.006546;0;0;0;0;0;0;1
12:04:39.007546;0;0;0;0;0;0;1
12:04:39.007546;0;0;0;0;0;0;1
12:04:39.019547;0;0;0;0;0;0;1
12:04:39.020546;0;0;0;0;0;0;1
12:04:39.033547;0;0;0;0;0;0;1
12:04:39.033547;0;0;0;0;0;0;1
12:04:39.034546;0;0;0;0;0;0;1
12:04:39.046547;0;0;0;0;0;0;1
12:04:39.047547;0;0;0;0;0;0;1
12:04:39.047547;0;0;0;0;0;0;1
12:04:39.059545;0;0;0;0;0;0;1
12:04:39.060545;0;0;0;0;0;0;1
12:04:39.060545;0;0;0;0;0;0;1
12:04:39.074545;0;0;0;0;0;0;1
12:04:39.075546;0;0;0;0;0;0;1
12:04:39.075546;0;0;0;0;0;0;1
12:04:39.088546;0;0;0;0;0;0;1
12:04:39.088546;0;0;0;0;0;0;1
12:04:39.101547;0;0;0;0;0;0;1
12:04:39.102546;0;0;0;0;0;0;1
12:04:39.102546;0;0;0;0;0;0;1
12:04:39.116546;0;0;0;0;0;0;1
12:04:39.116546;0;0;0;0;0;0;1
12:04:39.116546;0;0;0;0;0;0;1
12:04:39.130546;0;0;0;0;0;0;1
12:04:39.130546;0;0;0;0;0;0;1
12:04:39.131546;0;0;0;0;0;0;1
12:04:39.143545;0;0;0;0;0;0;1
12:04:39.144546;0;0;0;0;0;0;1
12:04:39.158547;0;0;0;0;0;0;1
12:04:39.158547;0;0;0;0;0;0;1
12:04:39.159546;0;0;0;0;0;0;1
12:04:39.171545;0;0;0;0;0;0;1
12:04:39.171545;0;0;0;0;0;0;1
12:04:39.171545;0;0;0;0;0;0;1
12:04:39.185547;0;0;0;0;0;0;1
12:04:39.185547;0;0;0;0;0;0;1
12:04:39.185547;0;0;0;0;0;0;1
12:04:39.200545;0;0;0;0;0;0;1
12:04:39.200545;0;0;0;0;0;0;1
12:04:39.201545;0;0;0;0;0;0;1
12:04:39.211546;0;0;0;0;0;0;1
12:04:39.211546;0;0;0;0;0;0;1
12:04:39.229546;0;0;0;0;0;0;1
12:04:39.229546;0;0;0;0;0;0;1
12:04:39.230545;0;0;0;0;0;0;1
12:04:39.241545;0;0;0;0;0;0;1
12:04:39.241545;0;0;0;0;0;0;1
12:04:39.242545;0;0;0;0;0;0;1
12:04:39.255546;0;0;0;0;0;0;1
12:04:39.255546;0;0;0;0;0;0;1
12:04:39.256545;0;0;0;0;0;0;1
12:04:39.270545;0;0;0;0;0;0;1
12:04:39.270545;0;0;0;0;0;0;1
12:04:39.270545;0;0;0;0;0;0;1
12:04:39.284547;0;0;0;0;0;0;1
12:04:39.284547;0;0;0;0;0;0;1
12:04:39.297546;0;0;0;0;0;0;1
12:04:39.297546;0;0;0;0;0;0;1
12:04:39.298545;0;0;0;0;0;0;1
12:04:39.311545;0;0;0;0;0;0;1
12:04:39.311545;0;0;0;0;0;0;1
12:04:39.311545;0;0;0;0;0;0;1
12:04:39.325545;0;0;0;0;0;0;1
12:04:39.325545;0;0;0;0;0;0;1
12:04:39.326545;0;0;0;0;0;0;1
12:04:39.339546;0;0;0;0;0;0;1
12:04:39.339546;0;0;0;0;0;0;1
12:04:39.353545;0;0;0;0;0;0;1
12:04:39.353545;0;0;0;0;0;0;1
12:04:39.353545;0;0;0;0;0;0;1
12:04:39.367545;0;0;0;0;0;0;1
12:04:39.368546;0;0;0;0;0;0;1
12:04:39.368546;0;0;0;0;0;0;1
12:04:39.380546;0;0;0;0;0;0;1
12:04:39.380546;0;0;0;0;0;0;1
12:04:39.380546;0;0;0;0;0;0;1
12:04:39.392546;0;0;0;0;0;0;1
12:04:39.392546;0;0;0;0;0;0;1
12:04:39.407546;0;0;0;0;0;0;1
12:04:39.408545;0;0;0;0;0;0;1
12:04:39.408545;0;0;0;0;0;0;1
12:04:39.421545;0;0;0;0;0;0;1
12:04:39.421545;0;0;0;0;0;0;1
12:04:39.422545;0;0;0;0;0;0;1
12:04:39.434546;0;0;0;0;0;0;1
12:04:39.434546;0;0;0;0;0;0;1
12:04:39.450546;0;0;0;0;0;0;1
12:04:39.450546;0;0;0;0;0;0;1
12:04:39.450546;0;0;0;0;0;0;1
12:04:39.451545;0;0;0;0;0;0;1
12:04:39.464545;0;0;0;0;0;0;1
12:04:39.464545;0;0;0;0;0;0;1
12:04:39.476545;0;0;0;0;0;0;1
12:04:39.477545;0;0;0;0;0;0;1
12:04:39.477545;0;0;0;0;0;0;1
12:04:39.491547;0;0;0;0;0;0;1
12:04:39.491547;0;0;0;0;0;0;1
12:04:39.492545;0;0;0;0;0;0;1
12:04:39.506545;0;0;0;0;0;0;1
12:04:39.506545;0;0;0;0;0;0;1
12:04:39.507545;0;0;0;0;0;0;1
12:04:39.520546;0;0;0;0;0;0;1
12:04:39.520546;0;0;0;0;0;0;1
12:04:39.520546;0;0;0;0;0;0;1
12:04:39.533547;0;0;0;0;0;0;1
12:04:39.534546;0;0;0;0;0;0;1
12:04:39.546545;0;0;0;0;0;0;1
12:04:39.546545;0;0;0;0;0;0;1
12:04:39.547545;0;0;0;0;0;0;1
12:04:39.560545;0;0;0;0;0;0;1
12:04:39.561545;0;0;0;0;0;0;1
12:04:39.561545;0;0;0;0;0;0;1
12:04:39.575545;0;0;0;0;0;0;1
12:04:39.575545;0;0;0;0;0;0;1
12:04:39.576545;0;0;0;0;0;0;1
12:04:39.589546;0;0;0;0;0;0;1
12:04:39.590546;0;0;0;0;0;0;1
12:04:39.590546;0;0;0;0;0;0;1
12:04:39.602546;0;0;0;0;0;0;1
12:04:39.602546;0;0;0;0;0;0;1
12:04:39.617546;0;0;0;0;0;0;1
12:04:39.617546;0;0;0;0;0;0;1
12:04:39.618545;0;0;0;0;0;0;1
12:04:39.631547;0;0;0;0;0;0;1
12:04:39.631547;0;0;0;0;0;0;1
12:04:39.632546;0;0;0;0;0;0;1
12:04:39.644546;0;0;0;0;0;0;1
12:04:39.645546;0;0;0;0;0;0;1
12:04:39.645546;0;0;0;0;0;0;1
12:04:39.657546;0;0;0;0;0;0;1
12:04:39.657546;0;0;0;0;0;0;1
12:04:39.672546;0;0;0;0;0;0;1
12:04:39.672546;0;0;0;0;0;0;1
12:04:39.673546;0;0;0;0;0;0;1
12:04:39.687546;0;0;0;0;0;0;1
12:04:39.687546;0;0;0;0;0;0;1
12:04:39.687546;0;0;0;0;0;0;1
12:04:39.699547;0;0;0;0;0;0;1
12:04:39.699547;0;0;0;0;0;0;1
12:04:39.714546;0;0;0;0;0;0;1
12:04:39.714546;0;0;0;0;0;0;1
12:04:39.715546;0;0;0;0;0;0;1
12:04:39.726546;0;0;0;0;0;0;1
12:04:39.727546;0;0;0;0;0;0;1
12:04:39.727546;0;0;0;0;0;0;1
12:04:39.741546;0;0;0;0;0;0;1
12:04:39.741546;0;0;0;0;0;0;1
12:04:39.742545;0;0;0;0;0;0;1
12:04:39.756545;0;0;0;0;0;0;1
12:04:39.757546;0;0;0;0;0;0;1
12:04:39.757546;0;0;0;0;0;0;1
12:04:39.769546;0;0;0;0;0;0;1
12:04:39.769546;0;0;0;0;0;0;1
12:04:39.784546;0;0;0;0;0;0;1
12:04:39.784546;0;0;0;0;0;0;1
12:04:39.785545;0;0;0;0;0;0;1
12:04:39.797546;0;0;0;0;0;0;1
12:04:39.797546;0;0;0;0;0;0;1
12:04:39.798546;0;0;0;0;0;0;1
12:04:39.809545;0;0;0;0;0;0;1
12:04:39.810546;0;0;0;0;0;0;1
12:04:39.810546;0;0;0;0;0;0;1
12:04:39.823546;0;0;0;0;0;0;1
12:04:39.824546;0;0;0;0;0;0;1
12:04:39.837546;0;0;0;0;0;0;1
12:04:39.838621;0;0;0;0;0;0;1
12:04:39.838621;0;0;0;0;0;0;1
12:04:39.853546;0;0;0;0;0;0;1
12:04:39.853546;0;0;0;0;0;0;1
12:04:39.853546;0;0;0;0;0;0;1
12:04:39.865546;0;0;0;0;0;0;1
12:04:39.866546;0;0;0;0;0;0;1
12:04:39.866546;0;0;0;0;0;0;1
12:04:39.880546;0;0;0;0;0;0;1
12:04:39.881546;0;0;0;0;0;0;1
12:04:39.881546;0;0;0;0;0;0;1
12:04:39.893546;0;0;0;0;0;0;1
12:04:39.893546;0;0;0;0;0;0;1
12:04:39.908545;0;0;0;0;0;0;1
12:04:39.908545;0;0;0;0;0;0;1
12:04:39.909545;0;0;0;0;0;0;1
12:04:39.945546;0;0;0;0;0;0;1
12:04:39.945546;0;0;0;0;0;0;1
12:04:39.946546;0;0;0;0;0;0;1
12:04:39.946546;0;0;0;0;0;0;1
12:04:39.947546;0;0;0;0;0;0;1
12:04:39.947546;0;0;0;0;0;0;1
12:04:39.947546;0;0;0;0;0;0;1
12:04:39.948545;0;0;0;0;0;0;1
12:04:39.952547;0;0;0;0;0;0;1
12:04:39.964546;0;0;0;0;0;0;1
12:04:39.965546;0;0;0;0;0;0;1
12:04:39.965546;0;0;0;0;0;0;1
12:04:39.977547;0;0;0;0;0;0;1
12:04:39.978546;0;0;0;0;0;0;1
12:04:39.993547;0;0;0;0;0;0;1
12:04:39.993547;0;0;0;0;0;0;1
12:04:39.993547;0;0;0;0;0;0;1
12:04:40.006547;0;0;0;0;0;0;1
12:04:40.006547;0;0;0;0;0;0;1
12:04:40.006547;0;0;0;0;0;0;1
12:04:40.022546;0;0;0;0;0;0;1
12:04:40.022546;0;0;0;0;0;0;1
12:04:40.023547;0;0;0;0;0;0;1
12:04:40.034547;0;0;0;0;0;0;1
12:04:40.034547;0;0;0;0;0;0;1
12:04:40.049545;0;0;0;0;0;0;1
12:04:40.049545;0;0;0;0;0;0;1
12:04:40.049545;0;0;0;0;0;0;1
12:04:40.063546;0;0;0;0;0;0;1
12:04:40.063546;0;0;0;0;0;0;1
12:04:40.064545;0;0;0;0;0;0;1
12:04:40.075546;0;0;0;0;0;0;1
12:04:40.075546;0;0;0;0;0;0;1
12:04:40.076545;0;0;0;0;0;0;1
12:04:40.092546;0;0;0;0;0;0;1
12:04:40.092546;0;0;0;0;0;0;1
12:04:40.093547;0;0;0;0;0;0;1
12:04:40.106546;0;0;0;0;0;0;1
12:04:40.106546;0;0;0;0;0;0;1
12:04:40.106546;0;0;0;0;0;0;1
12:04:40.120546;0;0;0;0;0;0;1
12:04:40.120546;0;0;0;0;0;0;1
12:04:40.121547;0;0;0;0;0;0;1
12:04:40.131545;0;0;0;0;0;0;1
12:04:40.131545;0;0;0;0;0;0;1
12:04:40.154546;0;0;0;0;0;0;1
12:04:40.154546;0;0;0;0;0;0;1
12:04:40.154546;0;0;0;0;0;0;1
12:04:40.155546;0;0;0;0;0;0;1
12:04:40.164546;0;0;0;0;0;0;1
12:04:40.165546;0;0;0;0;0;0;1
12:04:40.174546;0;0;0;0;0;0;1
12:04:40.174546;0;0;0;0;0;0;1
12:04:40.188546;0;0;0;0;0;0;1
12:04:40.188546;0;0;0;0;0;0;1
12:04:40.189546;0;0;0;0;0;0;1
12:04:40.202546;0;0;0;0;0;0;1
12:04:40.202546;0;0;0;0;0;0;1
12:04:40.203546;0;0;0;0;0;0;1
12:04:40.215545;0;0;0;0;0;0;1
12:04:40.215545;0;0;0;0;0;0;1
12:04:40.216546;0;0;0;0;0;0;1
12:04:40.232546;0;0;0;0;0;0;1
12:04:40.232546;0;0;0;0;0;0;1
12:04:40.232546;0;0;0;0;0;0;1
12:04:40.245547;0;0;0;0;0;0;1
12:04:40.246547;0;0;0;0;0;0;1
12:04:40.246547;0;0;0;0;0;0;1
12:04:40.258546;0;0;0;0;0;0;1
12:04:40.259546;0;0;0;0;0;0;1
12:04:40.271546;0;0;0;0;0;0;1
12:04:40.271546;0;0;0;0;0;0;1
12:04:40.272545;0;0;0;0;0;0;1
12:04:40.284546;0;0;0;0;0;0;1
12:04:40.285547;0;0;0;0;0;0;1
12:04:40.285547;0;0;0;0;0;0;1
12:04:40.300546;0;0;0;0;0;0;1
12:04:40.300546;0;0;0;0;0;0;1
12:04:40.301546;0;0;0;0;0;0;1
12:04:40.312560;0;0;0;0;0;0;1
12:04:40.312560;0;0;0;0;0;0;1
12:04:40.325546;0;0;0;0;0;0;1
12:04:40.325546;0;0;0;0;0;0;1
12:04:40.325546;0;0;0;0;0;0;1
12:04:40.341546;0;0;0;0;0;0;1
12:04:40.342546;0;0;0;0;0;0;1
12:04:40.342546;0;0;0;0;0;0;1
12:04:40.354546;0;0;0;0;0;0;1
12:04:40.355546;0;0;0;0;0;0;1
12:04:40.355546;0;0;0;0;0;0;1
12:04:40.366546;0;0;0;0;0;0;1
12:04:40.367546;0;0;0;0;0;0;1
12:04:40.382546;0;0;0;0;0;0;1
12:04:40.382546;0;0;0;0;0;0;1
12:04:40.382546;0;0;0;0;0;0;1
12:04:40.398546;0;0;0;0;0;0;1
12:04:40.398546;0;0;0;0;0;0;1
12:04:40.399546;0;0;0;0;0;0;1
12:04:40.410546;0;0;0;0;0;0;1
12:04:40.411546;0;0;0;0;0;0;1
12:04:40.411546;0;0;0;0;0;0;1
12:04:40.423546;0;0;0;0;0;0;1
12:04:40.423546;0;0;0;0;0;0;1
12:04:40.439546;0;0;0;0;0;0;1
12:04:40.439546;0;0;0;0;0;0;1
12:04:40.440546;0;0;0;0;0;0;1
12:04:40.451546;0;0;0;0;0;0;1
12:04:40.451546;0;0;0;0;0;0;1
12:04:40.452545;0;0;0;0;0;0;1
12:04:40.466546;0;0;0;0;0;0;1
12:04:40.467546;0;0;0;0;0;0;1
12:04:40.467546;0;0;0;0;0;0;1
12:04:40.479546;0;0;0;0;0;0;1
12:04:40.479546;0;0;0;0;0;0;1
12:04:40.493547;0;0;0;0;0;0;1
12:04:40.493547;0;0;0;0;0;0;1
12:04:40.494545;0;0;0;0;0;0;1
12:04:40.508547;0;0;0;0;0;0;1
12:04:40.508547;0;0;0;0;0;0;1
12:04:40.508547;0;0;0;0;0;0;1
12:04:40.521546;0;0;0;0;0;0;1
12:04:40.521546;0;0;0;0;0;0;1
12:04:40.522547;0;0;0;0;0;0;1
12:04:40.536545;0;0;0;0;0;0;1
12:04:40.537547;0;0;0;0;0;0;1
12:04:40.537547;0;0;0;0;0;0;1
12:04:40.548546;0;0;0;0;0;0;1
12:04:40.548546;0;0;0;0;0;0;1
12:04:40.563545;0;0;0;0;0;0;1
12:04:40.564545;0;0;0;0;0;0;1
12:04:40.564545;0;0;0;0;0;0;1
12:04:40.576545;0;0;0;0;0;0;1
12:04:40.577545;0;0;0;0;0;0;1
12:04:40.577545;0;0;0;0;0;0;1
12:04:40.590545;0;0;0;0;0;0;1
12:04:40.591546;0;0;0;0;0;0;1
12:04:40.591546;0;0;0;0;0;0;1
12:04:40.603546;0;0;0;0;0;0;1
12:04:40.604545;0;0;0;0;0;0;1
12:04:40.617547;0;0;0;0;0;0;1
12:04:40.617547;0;0;0;0;0;0;1
12:04:40.618545;0;0;0;0;0;0;1
12:04:40.635546;0;0;0;0;0;0;1
12:04:40.635546;0;0;0;0;0;0;1
12:04:40.635546;0;0;0;0;0;0;1
12:04:40.636545;0;0;0;0;0;0;1
12:04:40.645546;0;0;0;0;0;0;1
12:04:40.645546;0;0;0;0;0;0;1
12:04:40.658546;0;0;0;0;0;0;1
12:04:40.659546;0;0;0;0;0;0;1
12:04:40.675546;0;0;0;0;0;0;1
12:04:40.675546;0;0;0;0;0;0;1
12:04:40.676546;0;0;0;0;0;0;1
12:04:40.676546;0;0;0;0;0;0;1
12:04:40.686546;0;0;0;0;0;0;1
12:04:40.686546;0;0;0;0;0;0;1
12:04:40.701547;0;0;0;0;0;0;1
12:04:40.701547;0;0;0;0;0;0;1
12:04:40.702546;0;0;0;0;0;0;1
12:04:40.716545;0;0;0;0;0;0;1
12:04:40.717547;0;0;0;0;0;0;1
12:04:40.717547;0;0;0;0;0;0;1
12:04:40.729546;0;0;0;0;0;0;1
12:04:40.729546;0;0;0;0;0;0;1
12:04:40.744546;0;0;0;0;0;0;1
12:04:40.744546;0;0;0;0;0;0;1
12:04:40.744546;0;0;0;0;0;0;1
12:04:40.756546;0;0;0;0;0;0;1
12:04:40.757546;0;0;0;0;0;0;1
12:04:40.757546;0;0;0;0;0;0;1
12:04:40.770546;0;0;0;0;0;0;1
12:04:40.770546;0;0;0;0;0;0;1
12:04:40.771545;0;0;0;0;0;0;1
12:04:40.785546;0;0;0;0;0;0;1
12:04:40.786546;0;0;0;0;0;0;1
12:04:40.786546;0;0;0;0;0;0;1
12:04:40.798546;0;0;0;0;0;0;1
12:04:40.798546;0;0;0;0;0;0;1
12:04:40.813547;0;0;0;0;0;0;1
12:04:40.813547;0;0;0;0;0;0;1
12:04:40.813547;0;0;0;0;0;0;1
12:04:40.826546;0;0;0;0;0;0;1
12:04:40.826546;0;0;0;0;0;0;1
12:04:40.826546;0;0;0;0;0;0;1
12:04:40.840547;0;0;0;0;0;0;1
12:04:40.841546;0;0;0;0;0;0;1
12:04:40.841546;0;0;0;0;0;0;1
12:05:22.108538;0;0;0;0;0;0;1
12:05:22.109524;0;0;0;0;0;0;1
12:05:22.109524;0;0;0;0;0;0;1
12:05:22.119614;0;0;0;0;0;0;1
12:05:22.120615;0;0;0;0;0;0;1
12:05:22.126929;0;0;0;0;0;0;1
12:05:22.137928;0;0;0;0;0;0;1
12:05:22.137928;0;0;0;0;0;0;1
12:05:22.138929;0;0;0;0;0;0;1
12:05:22.153929;0;0;0;0;0;0;1
12:05:22.154929;0;0;0;0;0;0;1
12:05:22.154929;0;0;0;0;0;0;1
12:05:22.161930;0;0;0;0;0;0;1
12:05:22.178930;0;0;0;0;0;0;1
12:05:22.179929;0;0;0;0;0;0;1
12:05:22.179929;0;0;0;0;0;0;1
12:05:22.179929;0;0;0;0;0;0;1
12:05:22.189929;0;0;0;0;0;0;1
12:05:22.190930;0;0;0;0;0;0;1
12:05:22.207930;0;0;0;0;0;0;1
12:05:22.207930;0;0;0;0;0;0;1
12:05:22.207930;0;0;0;0;0;0;1
12:05:22.208928;0;0;0;0;0;0;1
12:05:22.219930;0;0;0;0;0;0;1
12:05:22.219930;0;0;0;0;0;0;1
12:05:22.234930;0;0;0;0;0;0;1
12:05:22.234930;0;0;0;0;0;0;1
12:05:22.235929;0;0;0;0;0;0;1
12:05:22.250929;0;0;0;0;0;0;1
12:05:22.251929;0;0;0;0;0;0;1
12:05:22.251929;0;0;0;0;0;0;1
12:05:22.261929;0;0;0;0;0;0;1
12:05:22.262929;0;0;0;0;0;0;1
12:05:22.262929;0;0;0;0;0;0;1
12:05:22.275929;0;0;0;0;0;0;1
12:05:22.275929;0;0;0;0;0;0;1
12:05:22.288440;0;0;0;0;0;0;1
12:05:22.289441;0;0;0;0;0;0;1
12:05:22.289441;0;0;0;0;0;0;1
12:05:22.303441;0;0;0;0;0;0;1
12:05:22.303441;0;0;0;0;0;0;1
12:05:22.303441;0;0;0;0;0;0;1
12:05:22.317440;0;0;0;0;0;0;1
12:05:22.317440;0;0;0;0;0;0;1
12:05:22.317440;0;0;0;0;0;0;1
12:05:22.330439;0;0;0;0;0;0;1
12:05:22.330439;0;0;0;0;0;0;1
12:05:22.346440;0;0;0;0;0;0;1
12:05:22.346440;0;0;0;0;0;0;1
12:05:22.346440;0;0;0;0;0;0;1
